9.037028759895114505e-48
9.073136238019909549e-48
9.109541185066704334e-48
9.146125068613961526e-48
9.182970320216460177e-48
9.219956974485097164e-48
9.257208563763980312e-48
9.294727406354290271e-48
9.332433364946032182e-48
9.370369203882839684e-48
9.408536761645057629e-48
9.446937941716082682e-48
9.485616604037420866e-48
9.524490991360470565e-48
9.563604814380130792e-48
9.602960009123618138e-48
9.642558578525994275e-48
9.682402574181511544e-48
9.722536940404625321e-48
9.762878021248606357e-48
9.803470635293540544e-48
9.844316889758635858e-48
9.885418943937267812e-48
9.926822752072162479e-48
9.968442957595919858e-48
1.001028117248277618e-47
1.005247232350109083e-47
1.009488595443336693e-47
1.013756852528294380e-47
1.018056730171620319e-47
1.022374963271072111e-47
1.026725282046712944e-47
1.031107977327978125e-47
1.035514196665195126e-47
1.039948712816507496e-47
1.044411769933674410e-47
1.048903617777719239e-47
1.053429154108647291e-47
1.057979344015310948e-47
1.062559071531507528e-47
1.067168594167787528e-47
1.071808175324485071e-47
1.076478072427133691e-47
1.081183329044296765e-47
1.085914676990539288e-47
1.090677143816853441e-47
1.095471007513168068e-47
1.100296540113906535e-47
1.105158904835696716e-47
1.110043734412363372e-47
1.114965966754105923e-47
1.119925955099935112e-47
1.124914115733401271e-47
1.129935669862862759e-47
1.134990917560545692e-47
1.140080161865195833e-47
1.145208766739087690e-47
1.150366946202559551e-47
1.155560045731326365e-47
1.160788382592435785e-47
1.166052280960282362e-47
1.171352059339314392e-47
1.176693245498622718e-47
1.182065792917218719e-47
1.187475212211992061e-47
1.192921846289463357e-47
1.198406032497739684e-47
1.203933438098383404e-47
1.209493796240487522e-47
1.215087388315721443e-47
1.220730682293939298e-47
1.226407930741278866e-47
1.232124868468574680e-47
1.237887338840231670e-47
1.243679304101680402e-47
1.249523078374073222e-47
1.255402557183604028e-47
1.261323623456122237e-47
1.267286671675242929e-47
1.273292100762919542e-47
1.279340313411088877e-47
1.285437393363038704e-47
1.291572421841671469e-47
1.297751469372510760e-47
1.303974959110030204e-47
1.310243317234651408e-47
1.316562793699221142e-47
1.322922217308578739e-47
1.329327821968084815e-47
1.335780057360795856e-47
1.342279375739917902e-47
1.348826236294547110e-47
1.355427091956444961e-47
1.362064445990228072e-47
1.368756746030501976e-47
1.375504557387745250e-47
1.382296245861636039e-47
1.389144489591401840e-47
1.396031374872336551e-47
1.402975826332319837e-47
1.409978443316907572e-47
1.417027317865626223e-47
1.424129176549564976e-47
1.431284548945038476e-47
1.438493978247774760e-47
1.445758004726802220e-47
1.453083604720822154e-47
1.460458529951740204e-47
1.467889733210546283e-47
1.475377792707646533e-47
1.482923284273836065e-47
1.490533385880060659e-47
1.498195554891255482e-47
1.505910296850907909e-47
1.513698181082825040e-47
1.521539868491002302e-47
1.529449396805177497e-47
1.537413921928180816e-47
1.545433985523100357e-47
1.553530721737276201e-47
1.561684309123571248e-47
1.569902243750807378e-47
1.578185205963200123e-47
1.586533886589877447e-47
1.594948976761780643e-47
1.603438270758674987e-47
1.611988352912356232e-47
1.620606993320908343e-47
1.629294931403983358e-47
1.638052906027812787e-47
1.646888952072202446e-47
1.655789320888018705e-47
1.664762023127944932e-47
1.673807849259815575e-47
1.682927590017519404e-47
1.692122055569551225e-47
1.701399582703232206e-47
1.710746007681267118e-47
1.720169647637493061e-47
1.729671355216569424e-47
1.739251993440935910e-47
1.748920168571635669e-47
1.758653588283796799e-47
1.768476332065400848e-47
1.778389448285212475e-47
1.788378188315203627e-47
1.798451307704742001e-47
1.808609762996241898e-47
1.818854514206208996e-47
1.829194627294249197e-47
1.839614978552691637e-47
1.850124610201848500e-47
1.860724550199409039e-47
1.871415829479340863e-47
1.882199503508914164e-47
1.893085006496229872e-47
1.904056736705454819e-47
1.915115652938822023e-47
1.926288250129032353e-47
1.937550275717332544e-47
1.948919952946001799e-47
1.960381270288889325e-47
1.971935261559966424e-47
1.983609263655486746e-47
1.995378352216877888e-47
2.007252478458234969e-47
2.019232895204251077e-47
2.031320872488274648e-47
2.043526734518443552e-47
2.055833784070767400e-47
2.068252328654057963e-47
2.080783723258677609e-47
2.093429331942944871e-47
2.106190551768573236e-47
2.119078156321541741e-47
2.132074913590657565e-47
2.145191588319706307e-47
2.158429656075364216e-47
2.171790620541961909e-47
2.185285667343753603e-47
2.198897091536278844e-47
2.212636064051084319e-47
2.226504180225919000e-47
2.240503064818697842e-47
2.254634372400079483e-47
2.268909795949823592e-47
2.283300966937928895e-47
2.297839684102874721e-47
2.312527901384096906e-47
2.327347034982469799e-47
2.342319394358399494e-47
2.357415777034555249e-47
2.372669103436851526e-47
2.388081478965721150e-47
2.403633801272982740e-47
2.419338522968370393e-47
2.435197633696579915e-47
2.451213170030591850e-47
2.467387195064990589e-47
2.483732778238639922e-47
2.500230181637071066e-47
2.516892467257293249e-47
2.533721845339718761e-47
2.550720558685697000e-47
2.567902227736195986e-47
2.585246560244518596e-47
2.602755673357722553e-47
2.620466474383349602e-47
2.638346897881185166e-47
2.656410921857255945e-47
2.674672886549179036e-47
2.693099900791802207e-47
2.711742013988710504e-47
2.730566184300100266e-47
2.749587009468844418e-47
2.768807235320654288e-47
2.788229664719392804e-47
2.807857139060085217e-47
2.827705051190698132e-47
2.847751447785604782e-47
2.868011731588723460e-47
2.888488962304150394e-47
2.909186243478681658e-47
2.930119686180153102e-47
2.951266716378446407e-47
2.972643457961301872e-47
2.994253256230738328e-47
3.016099512143904815e-47
3.038185684535223077e-47
3.060528821877161201e-47
3.083091943255727513e-47
3.105933001506829831e-47
3.129014855278346289e-47
3.152354918191802585e-47
3.175971088372902328e-47
3.199825202330447518e-47
3.223963375160080510e-47
3.248390014541541194e-47
3.273080688152927860e-47
3.298053882174740866e-47
3.323313929559136606e-47
3.348865234811373331e-47
3.374727205981388012e-47
3.400874717067550055e-47
3.427327231044919303e-47
3.454089516651235368e-47
3.481166423502965183e-47
3.508562907180802657e-47
3.536299632199201738e-47
3.564350623869888586e-47
3.592720766500531291e-47
3.621463030512953720e-47
3.650535261680713302e-47
3.679975163632381325e-47
3.709756031014164337e-47
3.739883277808180567e-47
3.770412388755422911e-47
3.801299836573808968e-47
3.832568305725467707e-47
3.864224088905983792e-47
3.896273609052298829e-47
3.928723425682483539e-47
3.961597725849754954e-47
3.994868487768769943e-47
4.028560045385352629e-47
4.062679524507592348e-47
4.097234204925013293e-47
4.132249766278811957e-47
4.167697443720808607e-47
4.203603099801461131e-47
4.239974650003436316e-47
4.276820194155557548e-47
4.314167054031086877e-47
4.351985728521533282e-47
4.390303756647005813e-47
4.429129960108004426e-47
4.468473369073725728e-47
4.508343196875345831e-47
4.548768981131693529e-47
4.589700073160975272e-47
4.631206624342575825e-47
4.673299267115867877e-47
4.715947212518358319e-47
4.759202501875510637e-47
4.803012841528432944e-47
4.847452367942948584e-47
4.892532957391067774e-47
4.938223148311682304e-47
4.984556190931216749e-47
5.031544199407793437e-47
5.079199577720064865e-47
5.127535007846635076e-47
5.176586370334838751e-47
5.226321444978263390e-47
5.276776519034268891e-47
5.327965557938891852e-47
5.379902849468327482e-47
5.432627058361326777e-47
5.486105419603951052e-47
5.540352610979412113e-47
5.595457826971976679e-47
5.651363788338324611e-47
5.708111533178901604e-47
5.765718049430097400e-47
5.824200740852246896e-47
5.883603451326037392e-47
5.943892773098603170e-47
6.005113209609010492e-47
6.067284037989809898e-47
6.130425019026424758e-47
6.194556432402836697e-47
6.259726754598845601e-47
6.325902322028598036e-47
6.393132446102817587e-47
6.461439637701640074e-47
6.530847014612938856e-47
6.601407488881731993e-47
6.673087433490351128e-47
6.745940758276650502e-47
6.819993198993301710e-47
6.895271201238854319e-47
6.971801945223842179e-47
7.049644524891911061e-47
7.128734217475533066e-47
7.209225841688248755e-47
7.291055394986957641e-47
7.374285246523900220e-47
7.458980842375410015e-47
7.545076256855516638e-47
7.632704352047509063e-47
7.721901301205609147e-47
7.812635293532372720e-47
7.904977160045533179e-47
7.998965077316355853e-47
8.094638385388565072e-47
8.192073793648833997e-47
8.291241082375081911e-47
8.392219034732449993e-47
8.495051964733480820e-47
8.599785552714913885e-47
8.706466901700482028e-47
8.815183530517827054e-47
8.925908113237637896e-47
9.038690852729975080e-47
9.153704854160900809e-47
9.270885325782850456e-47
9.390370473810400676e-47
9.512136464111285165e-47
9.636242207732493310e-47
9.762877930681266548e-47
9.891950408214398254e-47
1.002365911168660527e-46
1.015798280259877235e-46
1.029502279109040892e-46
1.043485275284323181e-46
1.057759560005174776e-46
1.072323731209678187e-46
1.087190550536535516e-46
1.102368453784468901e-46
1.117866173123716528e-46
1.133697756277640008e-46
1.149862618531737059e-46
1.166375394751705726e-46
1.183246129127062900e-46
1.200485232825000563e-46
1.218103496223220315e-46
1.236117568432453833e-46
1.254522669998494364e-46
1.273352846018772011e-46
1.292603959563362035e-46
1.312294518133695106e-46
1.332443866143240015e-46
1.353048321280342455e-46
1.374140058147028559e-46
1.395734419837974542e-46
1.418503313496496531e-46
1.440464163975047349e-46
1.463638567294637695e-46
1.487376096038558981e-46
1.511701765549657958e-46
1.536621439336283764e-46
1.562161591834355144e-46
1.588342958175660455e-46
1.615187146544536862e-46
1.642716679955287439e-46
1.670962426767931979e-46
1.699934250678668626e-46
1.729664972122218122e-46
1.760181278782050956e-46
1.791511037797739645e-46
1.823691418325457252e-46
1.856736878893380163e-46
1.890678790871127748e-46
1.925575491295081815e-46
1.961436751482539239e-46
1.998307407468214399e-46
2.036225730390191361e-46
2.075231994694106012e-46
2.115378413535336610e-46
2.156695435379742528e-46
2.072316386786867984e-46
2.242973857966232958e-46
2.288095184820327521e-46
2.334580972339428122e-46
2.382502760091180251e-46
2.431899530579919589e-46
2.482843775133435998e-46
2.535400704112241662e-46
2.589638877653737634e-46
2.645642148089473128e-46
2.703463401872004138e-46
2.763181967324741560e-46
2.824918902971544636e-46
2.888726613738354805e-46
2.954711185788654874e-46
3.022984938437274575e-46
3.093612053817515327e-46
3.166742214346581203e-46
3.242491213943570252e-46
3.320950071091930335e-46
3.402269504328205004e-46
3.486522457866294976e-46
3.573849210205641138e-46
3.664244624564573458e-46
3.757014614782677023e-46
5.385637651338251732e-45
3.963788619231892766e-46
4.068199826703582174e-46
4.178025713014915228e-46
4.292689055657590293e-46
4.412239627951345486e-46
4.536912854062022375e-46
4.666978152034132215e-46
4.802739916477100075e-46
4.944555589348365341e-46
5.092749816415768156e-46
5.247723668629899182e-46
5.409990388857077397e-46
5.579972536581124173e-46
5.758270652827235041e-46
5.945437467249220849e-46
6.142283120235141220e-46
6.349695683231666687e-46
6.568742291709747071e-46
6.800977246927995457e-46
7.048699857570633745e-46
7.315897631896594861e-46
7.610997523048658156e-46
7.957954843313510837e-46
8.474375270895837172e-46
2.460787794069899473e-41
8.181735430216194500e-46
8.737228367055531805e-46
9.163398430760656579e-46
9.571530472149479887e-46
9.985060444939203856e-46
1.041252954259241566e-45
1.085815454484361474e-45
1.132441843784333122e-45
1.181290984519102202e-45
1.232426516731092320e-45
1.285867687064707875e-45
1.341487115185532245e-45
1.399019024708070311e-45
1.457952670363986003e-45
1.517363369705851984e-45
1.575736706573586490e-45
1.630491723465342886e-45
1.677217542194553934e-45
1.708223768700123049e-45
1.709414339176023210e-45
1.653199671569618624e-45
1.480261650256709976e-45
1.047564564181883738e-45
1.033826272544605560e-46
9.538386682458157656e-38
1.265102948912183100e-44
8.258330183814370375e-45
7.354421674375167325e-45
7.222281838122164240e-45
7.423682873919330973e-45
7.837309762106024907e-45
8.427584399002545237e-45
9.193924261904943127e-45
1.015616922404576348e-44
1.135212441018238172e-44
1.283962874537825866e-44
1.470328007046821865e-44
1.706699188188702754e-44
2.011498510643797694e-44
2.412899598430773644e-44
2.955618837006981623e-44
3.713926471882580907e-44
4.818683470782738802e-44
6.518068780090017441e-44
9.330962680265946211e-44
1.449799821801320390e-43
2.563536414555203124e-43
5.737808616517102663e-43
2.283563133008641936e-42
9.122877993128754181e-35
2.258600748885967600e-42
5.617828146535393682e-43
2.483567827291536975e-43
1.389310930365998391e-43
8.840493947148759418e-44
6.102010031176951300e-44
4.454169812025713004e-44
3.386555071542601408e-44
2.655571898329544249e-44
2.133133326079446540e-44
1.746601850728712914e-44
1.452284242994167424e-44
1.222622006224579490e-44
1.039484903576948931e-44
8.905042825442833629e-45
7.669406901182566186e-45
6.623596252736953050e-45
5.717885936138984800e-45
4.910510768792846791e-45
4.161382532370286823e-45
3.423070404896346491e-45
2.622084148363617747e-45
1.610207649238844505e-45
1.703305892753555866e-46
9.538266386982234615e-38
1.117181968802386468e-44
6.274687651981715678e-45
4.777103768717777385e-45
3.996275623669695429e-45
3.488393978481248704e-45
3.117201802971563131e-45
2.826585533744555390e-45
2.588838857551815738e-45
2.388479570177737057e-45
2.216040214330604979e-45
2.065279686404914467e-45
1.931894523591769917e-45
1.812757986782821360e-45
1.705520169253664369e-45
1.608360022205953445e-45
1.519834079075043825e-45
1.438742644356704673e-45
1.364093206980874973e-45
1.295006407683709481e-45
1.230649546973788919e-45
1.170119210819394698e-45
1.112110911625337429e-45
1.053775887694944661e-45
9.827090288260632330e-46
2.520972641416741539e-41
9.971441685625924524e-46
9.335894565832356754e-46
8.892441940527920883e-46
8.512340707632061971e-46
8.168596429609673837e-46
7.851349983222107787e-46
7.555637212422155422e-46
7.278417438616840452e-46
7.017562672288774943e-46
6.771476508993507862e-46
6.538781203915172074e-46
6.318399869460516131e-46
6.109376142323769322e-46
5.910869616758597165e-46
5.722157557245483689e-46
5.542516423690895823e-46
5.371363614254230736e-46
5.208144114287986868e-46
5.052348149774032116e-46
4.903502588414029741e-46
4.761180235031543082e-46
4.624890247086283838e-46
4.494099615704814101e-46
4.367660698161136356e-46
5.529945976310959608e-45
4.140472918583753300e-46
4.028663223011230732e-46
3.922405806387652049e-46
3.820593750293670857e-46
3.722802271122284578e-46
3.628788824386900403e-46
3.538339866721020193e-46
3.451266330871111019e-46
3.367395766851562024e-46
3.286583244773720504e-46
3.208650904614326791e-46
3.133474787761923120e-46
3.060924729673852324e-46
2.990878457243964963e-46
2.923233856297036619e-46
2.857856467726627216e-46
2.794657343745911665e-46
2.733540064633906994e-46
2.674413539970992746e-46
2.617203192356453694e-46
2.561804092123836280e-46
2.508139556084830375e-46
2.456168765667056996e-46
2.405784026561070675e-46
2.492163212756893142e-46
2.309641114020574857e-46
2.263678003862414723e-46
2.219092994065575962e-46
2.175826818299848925e-46
2.133808204214181141e-46
2.092998251544359980e-46
2.053350769570158125e-46
2.014821824571698136e-46
1.977378312070618944e-46
1.940962718973844912e-46
1.905545907742602515e-46
1.871091579907694998e-46
1.837565077470353231e-46
1.804933298127785008e-46
1.773172439896141435e-46
1.742236456621645785e-46
1.712104396079854237e-46
1.682748580257239475e-46
1.654142516454589186e-46
1.626268020765647218e-46
1.599079239294540104e-46
1.572574431630147537e-46
1.546730917341388246e-46
1.521513481626685496e-46
1.497595377662989405e-46
1.472896792044949318e-46
1.449458576645340635e-46
1.426582414528280440e-46
1.404238117957028783e-46
1.382415309797476744e-46
1.361097861322477822e-46
1.340270264489044045e-46
1.319917605047495137e-46
1.300031274532709896e-46
1.280585889405485587e-46
1.261573983628694730e-46
1.242982750629256404e-46
1.224799856351381715e-46
1.207018746771716978e-46
1.189617225416707296e-46
1.172584479054881439e-46
1.155925395886777419e-46
1.139614162799369072e-46
1.123646048418501037e-46
1.108016379547826025e-46
1.092701238228790733e-46
1.077711151338268501e-46
1.063023025289499275e-46
1.048633367948228652e-46
1.034537213634148080e-46
1.020717569007317085e-46
1.007176143817354945e-46
9.939069913967514275e-47
9.808942482506390292e-47
9.681355663866503449e-47
9.556243692481986840e-47
9.433542929557782934e-47
9.313232899405423962e-47
9.195171151103327068e-47
9.079341580377612911e-47
8.965688220959684873e-47
8.854156866988169706e-47
8.744694981159748885e-47
8.637289792861450660e-47
8.531777489332648454e-47
8.428224661760886095e-47
8.326583530549496655e-47
8.226735071074761045e-47
8.128708740765166315e-47
8.032354448407187740e-47
7.937738776739810113e-47
7.844820555713660195e-47
7.753491315789435484e-47
7.663748488501174585e-47
7.575555631277551885e-47
7.488876892929354490e-47
7.403678136311696795e-47
7.319958065632483351e-47
7.237619079319136411e-47
7.156662209960464580e-47
7.077056696166470372e-47
6.998772604515444774e-47
6.921811416044160096e-47
6.846083343624119945e-47
6.771561846782219163e-47
6.698309888164566895e-47
6.626211663756269243e-47
6.555271719446079611e-47
6.485494012941821915e-47
6.416768561598360597e-47
6.349185963732657536e-47
6.282638394767461824e-47
6.217132006525819202e-47
6.152645180331424140e-47
6.089156861233597923e-47
6.026646535416139792e-47
5.965120557253317187e-47
5.904506480301123616e-47
5.844811923987636514e-47
5.786018389358776558e-47
5.728107818791126665e-47
5.671087672607110485e-47
5.614890431918136139e-47
5.559524657141179031e-47
5.504974030489319076e-47
5.451222615884398039e-47
5.398254879288974656e-47
5.346079261782288118e-47
5.294633507537817002e-47
5.243927018243055134e-47
5.193945698050422633e-47
5.144675770885546236e-47
5.096126312945513305e-47
5.048216661615267898e-47
5.001001539638236619e-47
4.954467798986204696e-47
4.908559232533812738e-47
4.863285990564944485e-47
4.818636393491915000e-47
4.774599048044673107e-47
4.731183697006643543e-47
4.688337462111709533e-47
4.646070790053409004e-47
4.604373267997587372e-47
4.563234724687766778e-47
4.522645209070375022e-47
4.482614791846711272e-47
4.443094181757433628e-47
4.404074600387485058e-47
4.365605306519853289e-47
4.327619036096651428e-47
4.290145480373333630e-47
4.253138051460020818e-47
4.216588905038550414e-47
4.180545750052000522e-47
4.144944729583280217e-47
4.109796647452844024e-47
4.075093847156715491e-47
4.040828847780523624e-47
4.006994306467112639e-47
3.973600591911616250e-47
3.940605427695960448e-47
3.908019619409569150e-47
3.875836432303789432e-47
3.844049251621529088e-47
3.812668445261550897e-47
3.781653859464327409e-47
3.751016255733701815e-47
3.720749557979313916e-47
3.690847794589664322e-47
3.661321294442922578e-47
3.632131854326530499e-47
3.603290165521351775e-47
3.574790726131159550e-47
3.546628140487935222e-47
3.518797118741078943e-47
3.491307894955540745e-47
3.464109125761341552e-47
3.437242084885827438e-47
3.410701530341338861e-47
3.384452418955148621e-47
3.358520062522686932e-47
3.332855348000762495e-47
3.307498251759590586e-47
3.282443994854398179e-47
3.257659119374785790e-47
3.233153954868038578e-47
3.208924316635902042e-47
3.184966082154935807e-47
3.161275211160446577e-47
3.137861604094248578e-47
3.114693542149336518e-47
3.091781178239022285e-47
3.069120756469999778e-47
3.046708594638013628e-47
3.024554442901195343e-47
3.002627933576697451e-47
2.980925876440520728e-47
2.959484348065087580e-47
2.938260486324406198e-47
2.917264160205073638e-47
2.896504923467355622e-47
2.875941209478923313e-47
2.855620884832519438e-47
2.835502768301089900e-47
2.815596541016806542e-47
2.795899245940747807e-47
2.776407962803548156e-47
2.757119826965591109e-47
2.738044123015638713e-47
2.719153809357210651e-47
2.700458354827359898e-47
2.681955082252541111e-47
2.663641364830142065e-47
2.645526311397030889e-47
2.627583930295407967e-47
2.609823500486190706e-47
2.592242564273184948e-47
2.574838709142436881e-47
2.557609567661960813e-47
2.540564032307950808e-47
2.523666141703627738e-47
2.506947308855414964e-47
2.490405092780252955e-47
2.474015242560216718e-47
2.457797544580986401e-47
2.441717316963675625e-47
2.425805054601075261e-47
2.410058504585463659e-47
2.394454297034114389e-47
2.379001175040107803e-47
2.363697191818858135e-47
2.348540431660302855e-47
2.333539323341890368e-47
2.318671330667437075e-47
2.303945008183629930e-47
2.289358560282329864e-47
2.274910215333832280e-47
2.260598241297953322e-47
2.246430848477477439e-47
2.232386446465832051e-47
2.218463562613003022e-47
2.204689958627370404e-47
2.191034635068908920e-47
2.177515425175055585e-47
2.164111475830148016e-47
2.150821430843753513e-47
2.137672278951430183e-47
2.124634035307917966e-47
2.111714735524052923e-47
2.098912932063996031e-47
2.086227209439334549e-47
2.073656164873767354e-47
2.061207527618401417e-47
2.048861676984004882e-47
2.036626430038802065e-47
2.024500474423777251e-47
2.012482510410040547e-47
2.000580094316798167e-47
1.988774245952286412e-47
1.977072608434384744e-47
1.965473958719402737e-47
1.953977094790830136e-47
1.942580827455473343e-47
1.931292516938178479e-47
1.920093899448461897e-47
1.908992417240819164e-47
1.897986953004760790e-47
1.887076400980346637e-47
1.876267960443290948e-47
1.865535696274219593e-47
1.854903411561012296e-47
1.844369926106115570e-47
1.833917873002741796e-47
1.823554427501819249e-47
1.813278595503056245e-47
1.803089388839335553e-47
1.792993759175621639e-47
1.782974865608270266e-47
1.773039723623614935e-47
1.763187406874671786e-47
1.753416993995855745e-47
1.743727584147471774e-47
1.734125939409260883e-47
1.724595819459927635e-47
1.715144056126162017e-47
1.705769795584523340e-47
1.696472191315885661e-47
1.687257862258380230e-47
1.678111040716266454e-47
1.669031035306395415e-47
1.660039164694748998e-47
1.651112521902004968e-47
1.642257700134180609e-47
1.633473930939187732e-47
1.624760454505044513e-47
1.616123664008171880e-47
1.607548506739972344e-47
1.599041426502810610e-47
1.590601708770486693e-47
1.582228641189998601e-47
1.573921528093285551e-47
1.565686589846731617e-47
1.557509277526776129e-47
1.549395872860333309e-47
1.541345708728575733e-47
1.533358133689144504e-47
1.525439234250607123e-47
1.517574862853386425e-47
1.509771160161211745e-47
1.502027506376427063e-47
1.494343285649557218e-47
1.486717891399271300e-47
1.479157257783067781e-47
1.471641192200550045e-47
1.464188714773340210e-47
1.456799144787430760e-47
1.449459015725626949e-47
1.442180602426750300e-47
1.434944234705878145e-47
1.427768482358051918e-47
1.420652703639316246e-47
1.413583783355513094e-47
1.406567502199555209e-47
1.399603336255733354e-47
1.392690774672074341e-47
1.385829304997765287e-47
1.379024516923800772e-47
1.372263701407180125e-47
1.365552490548485968e-47
1.358890402858003992e-47
1.352276956465852237e-47
1.345717623610215361e-47
1.339200020239219345e-47
1.332723775195070135e-47
1.326306087532523844e-47
1.319928852896935780e-47
1.313603311084615294e-47
1.307317389930149039e-47
1.301070744872654045e-47
1.294880180758534516e-47
1.288728038981779354e-47
1.282619642261034237e-47
1.276554579032646068e-47
1.270532443186166942e-47
1.264552825662255271e-47
1.258620890717576156e-47
1.252725094924694961e-47
1.246870635564221788e-47
1.241057129816820405e-47
1.235284194232125273e-47
1.229556880049066738e-47
1.223863931320280087e-47
1.218210435663640552e-47
1.212596032047674741e-47
1.207020358483056919e-47
1.201483055867030809e-47
1.195989061210425981e-47
1.190522177310534597e-47
1.185103142857650141e-47
1.179715844382203642e-47
1.174365199855840206e-47
1.169056046633013447e-47
1.163772565094239129e-47
1.158529919051634927e-47
1.153327719354492537e-47
1.148155436990298858e-47
1.143017876044070142e-47
1.137914729183511896e-47
1.132845686150881879e-47
1.127815426141931536e-47
1.122813663541368040e-47
1.117845106110473444e-47
1.112909463200951534e-47
1.108006442461266812e-47
1.103135753433687592e-47
1.098301969056048486e-47
1.093495082085047530e-47
1.088714883475159407e-47
1.083975518696866370e-47
1.079262290475134692e-47
1.074584489345997824e-47
1.069932333329931380e-47
1.065305625896402666e-47
1.060718217026406752e-47
1.056155733976846104e-47
1.051622631730676548e-47
1.047118657670676484e-47
1.042643560529308451e-47
1.038201680505949487e-47
1.033783581332637943e-47
1.029393630990651305e-47
1.025031590107342413e-47
1.020697220342424664e-47
1.016390288259092009e-47
1.012115034880304094e-47
1.007862269973027458e-47
1.003636259989026192e-47
9.994367787481645169e-48
9.952636014095632296e-48
9.911208914306238419e-48
9.869996553277558302e-48
9.828997375346993132e-48
9.788339436252483274e-48
9.747890397690897860e-48
9.707691629848648783e-48
9.667783742825323241e-48
9.628036639948540998e-48
9.588576341096154949e-48
9.549400352533797880e-48
9.510422184654453637e-48
9.471724054525611991e-48
9.433178532991813561e-48
9.394909175004183478e-48
9.356913592666244326e-48
9.319107097229327511e-48
9.281529326136264659e-48
9.244178416335051230e-48
9.207052546945576822e-48
