1.124093139949994519e-41
1.128320166525618546e-41
1.132571263918439913e-41
1.136846596340476500e-41
1.141146435365566912e-41
1.145470938091440766e-41
1.149820253678974828e-41
1.154194602015362740e-41
1.158594168444041687e-41
1.163019176222371877e-41
1.167469794044621947e-41
1.171946181544091822e-41
1.176448631526549624e-41
1.180977321047451908e-41
1.185532411080962004e-41
1.190114160543096335e-41
1.194722741187338443e-41
1.199358394595284663e-41
1.204021332776325587e-41
1.208711712126871118e-41
1.213429822780777032e-41
1.218175867180920308e-41
1.222950038800294822e-41
1.227752614551694482e-41
1.232583794333923052e-41
1.237443803748926221e-41
1.242332854855029012e-41
1.247251161252501441e-41
1.252199052290670499e-41
1.257176726687937350e-41
1.262184389674512226e-41
1.267222332255635984e-41
1.272290777483319797e-41
1.277389968587339499e-41
1.282520179736091997e-41
1.287681651158747434e-41
1.292874653559516961e-41
1.298099406338493752e-41
1.303356153784786100e-41
1.308645273602721503e-41
1.313966942032494406e-41
1.319321429037502223e-41
1.324709057663983407e-41
1.330130062769040064e-41
1.335584733543433365e-41
1.341073376078491346e-41
1.346596218785315759e-41
1.352153608811469520e-41
1.357745801234962622e-41
1.363373090500313622e-41
1.369035814118492344e-41
1.374734203304302368e-41
1.380468581751569167e-41
1.386239316415557302e-41
1.392046681610089011e-41
1.397890997927500571e-41
1.403772569872542196e-41
1.409691673930762976e-41
1.415648725477336663e-41
1.421644003585383854e-41
1.427677808921193095e-41
1.433750538664175569e-41
1.439862484878422076e-41
1.446014003459246818e-41
1.452205461504249601e-41
1.458437142858562258e-41
1.464709496662175384e-41
1.471022814184915895e-41
1.477377416984254656e-41
1.483773801485069289e-41
1.490212229986760601e-41
1.496693118843093589e-41
1.503216783761298045e-41
1.509783675657021751e-41
1.516394199835422666e-41
1.523048699416129627e-41
1.529747543174155302e-41
1.536491187296319519e-41
1.543280025635313445e-41
1.550114403537663705e-41
1.556994804144911961e-41
1.563921633450912101e-41
1.570895324192115710e-41
1.577916297732214423e-41
1.584984949721311345e-41
1.592101770766220419e-41
1.599267167951241203e-41
1.606481607440607343e-41
1.613745493105037983e-41
1.621059355650693963e-41
1.628423663083458865e-41
1.635838781399842679e-41
1.643305278873327526e-41
1.650823608375401656e-41
1.658394256594295782e-41
1.666017705634727330e-41
1.673694491664673352e-41
1.681425069097818927e-41
1.689209993104056101e-41
1.697049714049727429e-41
1.704944813016767624e-41
1.712895786327029691e-41
1.720903219508479072e-41
1.728967574981299980e-41
1.737089465577455026e-41
1.745269399900559600e-41
1.753507957986734558e-41
1.761805696704539205e-41
1.770163181163708947e-41
1.778581056157223126e-41
1.787059852147281333e-41
1.795600180765084884e-41
1.804202679542210977e-41
1.812867905857552531e-41
1.821596520028875088e-41
1.830389089592746158e-41
1.839246321370472997e-41
1.848168810566643568e-41
1.857157219263350274e-41
1.866212209872700500e-41
1.875334449806019122e-41
1.884524619064035256e-41
1.893783337793435080e-41
1.903111431278462307e-41
1.912509491302715897e-41
1.921978256340410513e-41
1.931518416352677162e-41
1.941130779394515145e-41
1.950816057877066502e-41
1.960574903282285483e-41
1.970408193206281665e-41
1.980316642905204857e-41
1.990301082000850900e-41
2.000362126314792705e-41
2.010500820884288250e-41
2.020717832986354312e-41
2.031013981389718095e-41
2.041390151875928214e-41
2.051847146465596766e-41
2.062385805648817174e-41
2.073007036835574253e-41
2.083711648269917357e-41
2.094500620808957225e-41
2.105374746034001261e-41
2.116335023015477374e-41
2.127382296998901419e-41
2.138517580786636396e-41
2.149741821536698256e-41
2.161055837339603112e-41
2.172460800577240795e-41
2.183957604005760918e-41
2.195547293488498493e-41
2.207230759379601090e-41
2.219009176764007798e-41
2.230883530286315656e-41
2.242854874984734458e-41
2.254924264762026159e-41
2.267092887080651082e-41
2.279361729565289110e-41
2.291731942819995754e-41
2.304204712790889753e-41
2.316780994942234460e-41
2.329462315562450085e-41
2.342249555195527184e-41
2.355144005771776187e-41
2.368146949960353435e-41
2.381259577292753361e-41
2.394483125504310189e-41
2.407818792338392774e-41
2.421268045815968191e-41
2.434832089107764583e-41
2.448512251021296951e-41
2.462309884677975979e-41
2.476226381529724066e-41
2.490263083208750952e-41
2.504421489069893430e-41
2.518702883240711351e-41
2.533108853787779040e-41
2.547640818016040695e-41
2.562300278627444194e-41
2.577088722153806762e-41
2.592007716255292918e-41
2.607058843380598689e-41
2.622243665125195683e-41
2.637563778047849024e-41
2.653020842797490947e-41
2.668616553341412765e-41
2.684352479866930519e-41
2.700230441353843954e-41
2.716252123788549932e-41
2.732419353033740881e-41
2.748733870473342310e-41
2.765197553140789441e-41
2.781812220548719516e-41
2.798579758412232495e-41
2.815501988710859525e-41
2.832580973085682994e-41
2.849818662451097894e-41
2.867216974401706100e-41
2.884778046813443756e-41
2.902503896162325044e-41
2.920396631015362634e-41
2.938458354093042190e-41
2.956691269137113955e-41
2.975097550055314470e-41
2.993679531776570149e-41
3.012439335460664293e-41
3.031379366070401647e-41
3.050502032101100293e-41
3.069809631195382190e-41
3.089304578051413810e-41
3.108989464321666276e-41
3.128866693896551326e-41
3.148938924003720690e-41
3.169208534139952222e-41
3.189678433312176341e-41
3.210351206567430493e-41
3.231229547248779917e-41
3.252316292037968547e-41
3.273614281163628700e-41
3.295126308621976866e-41
3.316855363116229091e-41
3.338804389929801858e-41
3.360976497022284416e-41
3.383374692544810840e-41
3.406002046018301745e-41
3.428861934896178554e-41
3.451957476041459769e-41
3.475291977494764922e-41
3.498868889890038321e-41
3.522691531475317557e-41
3.546763493947179555e-41
3.571088263609839114e-41
3.595669446376967951e-41
3.620510726178756086e-41
3.645615903011631029e-41
3.670988745478624502e-41
3.696633177431106883e-41
3.722553115323331798e-41
3.748752607197506108e-41
3.775235782027651483e-41
3.802006631596192916e-41
3.829069754874462232e-41
3.856429333786734581e-41
3.884089717747625134e-41
3.912055531916416610e-41
3.940331373202222356e-41
3.968921864684769692e-41
3.997831668127282471e-41
4.027065847849902197e-41
4.056629329148566918e-41
4.086527098168687715e-41
4.116764275360482754e-41
4.147346199130370762e-41
4.178278231498358754e-41
4.209565798205154545e-41
4.241214390809519926e-41
4.273229878882318833e-41
4.305617967551748714e-41
4.338384524463629162e-41
4.371535653987373339e-41
4.405077508103143156e-41
4.439016327260799729e-41
4.473358575154679708e-41
4.508110658127750789e-41
4.543279496100908553e-41
4.578871723172410234e-41
4.614894284364777267e-41
4.651354413975099341e-41
4.688259312295754134e-41
4.725616239465004609e-41
4.763432997018898259e-41
4.801717215921945276e-41
4.840476781258024957e-41
4.879719741540403223e-41
4.919454322678566694e-41
4.959689029765731343e-41
5.000432335695854483e-41
5.041693060907496647e-41
5.083480178414827492e-41
5.125802948554601274e-41
5.168670676243509263e-41
5.212092945197320674e-41
5.256079477659967793e-41
5.300640521090725364e-41
5.345786279225159138e-41
5.391526962025545478e-41
5.437873639473560590e-41
5.484837089684538975e-41
5.532428642191398395e-41
5.580659678010586307e-41
5.629542017579591195e-41
5.679087689229706906e-41
5.729309041983586586e-41
5.780218513252287999e-41
5.831829169481148236e-41
5.884154166808557990e-41
5.937207073891665360e-41
5.991001745692359544e-41
6.045552358911232016e-41
6.100873326625384835e-41
6.156979737407168592e-41
6.213886704245891140e-41
6.271610054126454370e-41
6.330165666081615532e-41
6.389569869117620003e-41
6.449839714044300965e-41
6.510992432357234508e-41
6.573045688176261249e-41
6.636017603354957835e-41
6.699926932144278324e-41
6.764792629639767089e-41
6.830634416108810552e-41
6.897472386516284256e-41
6.965327221631339634e-41
7.034220022182268108e-41
7.104172624870172429e-41
7.175207351356953679e-41
7.247347094335336384e-41
7.320615594606146999e-41
7.395036812602769886e-41
7.470635735902167414e-41
7.547437958498223468e-41
7.625469622264000725e-41
7.704757685154366486e-41
7.785330106879211351e-41
7.867215330500100484e-41
7.950442586408593868e-41
8.035042111375641832e-41
8.121044938083134149e-41
8.208482927328943786e-41
8.297389023887316568e-41
8.387796961060440143e-41
8.479741657811987369e-41
8.573258841476315203e-41
8.668385386520306846e-41
8.765159400286437299e-41
8.863619929741819148e-41
8.963807491820598073e-41
9.065763443978391736e-41
9.169530695558182038e-41
9.275153417016301233e-41
9.382677224714664148e-41
9.492149084813607429e-41
9.603617207620505447e-41
9.717131774863856283e-41
9.832744346061638032e-41
9.950508250829414010e-41
1.007047819590755800e-40
1.019271110862716076e-40
1.031726551884344578e-40
1.044420197082211859e-40
1.057358303330721423e-40
1.070547343332488578e-40
1.083993987762921032e-40
1.097705159162395275e-40
1.111687992762006588e-40
1.125949884630571284e-40
1.140498489537548509e-40
1.155341710382097579e-40
1.170487735242468201e-40
1.185945083632057987e-40
1.201722516834681734e-40
1.217829127249544893e-40
1.234274371886058400e-40
1.251068028132549089e-40
1.268220216770347253e-40
1.285741462753922504e-40
1.303642668597364662e-40
1.321935155095301788e-40
1.340630682388799573e-40
1.359741399357997526e-40
1.379280024297665685e-40
1.399259686063976695e-40
1.419694067942242127e-40
1.440597368763642112e-40
1.461984370003781519e-40
1.483870468522178558e-40
1.506271632964959306e-40
1.529204505544638555e-40
1.552686451946254833e-40
1.576735502370109742e-40
1.601370424978257158e-40
1.626610861530869139e-40
1.652477211083666486e-40
1.678990745146076001e-40
1.706173709459854942e-40
1.734049317292594138e-40
1.762641818297558651e-40
1.791976561696868355e-40
1.822079956484750612e-40
1.852979618303619154e-40
1.884704362257419191e-40
1.917284392730296987e-40
1.950751461261719916e-40
1.985138805934106373e-40
2.020481014629016392e-40
2.056814295111439145e-40
2.094176735416372776e-40
2.132608555609704181e-40
2.172151540614476720e-40
2.212849279538070687e-40
2.254747906399639610e-40
2.297895879580198524e-40
2.342343565311992803e-40
2.388144054838690702e-40
2.435354103154049565e-40
2.484033355199624313e-40
2.534245600911088929e-40
2.586059667813270436e-40
2.639547401991817747e-40
2.694783034496951877e-40
2.751841681629079373e-40
2.810797537203263152e-40
2.871730282344727163e-40
2.934730606755867029e-40
2.999905906625788548e-40
3.067372915184487890e-40
3.137238844563110336e-40
3.209597539162486894e-40
3.284551535277916075e-40
3.362247438238093440e-40
3.442854644135060923e-40
3.526512143451971678e-40
3.613336525907018895e-40
3.703517702645635618e-40
3.797310460389661187e-40
3.894919764481711720e-40
3.996549531919194713e-40
4.102547056595787197e-40
4.213239494431618616e-40
4.328810249301625331e-40
4.449497009165056927e-40
4.575395387656107705e-40
4.706312874590495459e-40
4.842261948139950593e-40
4.983494883146734022e-40
5.130844156362151932e-40
5.286071445382194803e-40
5.450697686984672466e-40
5.625234716815190981e-40
5.808284453221619135e-40
5.998032020491335917e-40
6.195562127912017794e-40
6.405300421674728320e-40
6.631102238155051958e-40
6.870371283792876195e-40
7.118569790612523401e-40
7.378476760013204790e-40
7.658177206275058511e-40
7.954176069641842197e-40
8.254791136911565385e-40
8.560837837999155546e-40
8.875324349248078746e-40
9.178533255642868179e-40
9.459342782416468225e-40
9.733920066752623023e-40
1.000670759804995640e-39
1.030797892591439672e-39
1.071590025315293666e-39
1.126997727190756767e-39
1.198253718115564764e-39
1.278478596735283567e-39
1.347538898372635285e-39
1.392170198612502870e-39
1.414478210698589098e-39
1.445700087049695526e-39
1.520064421320930992e-39
1.625929322040462131e-39
1.706374388491319478e-39
1.722471546388006832e-39
1.737885119323620764e-39
1.830339850963612342e-39
1.957368256861379600e-39
2.020172644391401958e-39
2.127009828324711071e-39
2.468183612803364054e-39
2.996574879000676373e-39
3.727359667703998533e-39
5.071750678606889515e-39
7.116799137934509695e-39
9.545776076041616964e-39
1.252119202409419040e-38
1.546390444876170891e-38
1.681776225947262661e-38
1.622527083068435081e-38
1.343630559533218132e-38
9.610273091211052793e-39
9.092742084202248274e-39
1.471055217345562831e-38
2.673883971955407100e-38
3.819363357437189685e-38
4.029093251310355294e-38
3.489103852569619255e-38
3.695837443763763472e-38
6.349874704052347351e-38
1.008034983921787791e-37
1.202763425436510432e-37
1.248305870515478574e-37
1.744627920446819155e-37
2.814318301911560238e-37
3.728241691296709378e-37
4.271849960008135903e-37
5.765611304558876439e-37
8.254752782267183432e-37
9.864471689030815001e-37
1.080170825465737813e-36
1.294599542111796831e-36
1.430160550091144650e-36
1.277015324290724022e-36
1.103877896802805085e-36
9.948603738378327304e-37
8.308207727108044840e-37
7.393657609045837284e-37
9.013488833282732532e-37
1.189188708317154361e-36
1.197222918655531110e-36
9.678796681367767629e-37
8.575813899127167635e-37
9.358699985339927028e-37
1.052605398321992779e-36
1.065270914511820128e-36
9.872057409839924833e-37
9.172989279606383967e-37
9.964178185406559765e-37
1.060026139781270432e-36
9.557032491762329283e-37
9.594085783878505313e-37
1.066281275758377244e-36
9.557884761226510947e-37
9.195363923344249048e-37
1.147001103989722726e-36
9.503404043030757533e-37
8.444249851135212763e-37
1.196871311907324078e-36
9.563858549735641670e-37
8.731196236862773029e-37
1.086570473042782398e-36
9.631438673948449496e-37
1.061559473948218367e-36
8.521099424448278647e-37
1.076942411319461461e-36
1.051598305528182650e-36
9.028766140300292577e-37
9.832195861548210568e-37
1.023799617512656757e-36
1.070072744178897662e-36
8.597735276997190202e-37
1.020330509436596121e-36
1.064125169533433156e-36
9.715638293526523053e-37
9.415997752057237867e-37
9.538659856344947370e-37
1.168789499718443366e-36
8.341210974455713478e-37
1.014945472339466076e-36
1.041280392551529027e-36
9.790575242896619549e-37
1.011165997144069933e-36
8.767678876942405657e-37
1.087859769997369646e-36
1.072651446426987860e-36
8.095578081717678041e-37
1.019095642360942287e-36
1.181689024117326791e-36
8.722187426797350553e-37
8.642832699733526625e-37
1.156202404267910368e-36
1.099386181277909809e-36
8.104997973539375702e-37
8.910699616532697878e-37
1.197783672501375089e-36
1.140050840640538226e-36
8.162565208450226257e-37
7.862980680599849208e-37
1.082866493000885341e-36
1.236141707500263428e-36
1.090060723695512738e-36
9.420321047429218256e-37
8.295382392079365041e-37
7.710058187738996616e-37
8.702546967883854449e-37
1.167054975917849321e-36
1.388822864704834508e-36
1.335811455545731940e-36
1.268785963280052886e-36
1.236014709897810789e-36
1.008005253987732616e-36
7.385017125082217070e-37
6.143350422754760197e-37
5.131976689840015484e-37
3.475554026682698321e-37
2.279194029347057548e-37
1.952367929977533274e-37
1.678825337892269288e-37
1.104836796773079527e-37
6.429731456984073421e-38
5.490553703150977602e-38
5.877806792494920923e-38
5.018300253077870702e-38
3.112435351483111074e-38
1.630051572361633956e-38
1.376306506449163258e-38
1.775357602894681724e-38
2.128800498749380613e-38
1.964493396826247896e-38
1.448003744382021295e-38
8.836315694398355437e-39
4.422171737708418886e-39
2.452833495742852736e-39
2.178555252691391376e-39
2.787313466430394195e-39
3.798975067218396483e-39
4.484738833360538597e-39
4.828514783833530665e-39
5.050986710386301603e-39
4.953669760578596233e-39
4.594375489872641621e-39
4.285283455498256002e-39
4.039347038010223119e-39
3.693787651106271035e-39
3.304876790627245812e-39
3.021606149716379534e-39
2.841208536966606235e-39
2.653398735988816384e-39
2.421610729888067570e-39
2.196752994279814712e-39
2.036185806803570140e-39
1.932499831641656476e-39
1.849505636645930908e-39
1.752568640532433680e-39
1.638045471336270693e-39
1.520078535255801744e-39
1.411648000861523045e-39
1.323298801532659802e-39
1.253126427419889449e-39
1.195914652654006143e-39
1.148185778165431057e-39
1.104139971962587245e-39
1.061365598968536054e-39
1.020564937399476015e-39
9.806205955672541807e-40
9.410680428103284508e-40
9.033804220248361752e-40
8.679954760452419576e-40
8.340042017547147667e-40
8.013864156373182211e-40
7.708779413515254860e-40
7.425588767627552390e-40
7.157612077355209432e-40
6.900817362379475755e-40
6.656580550129308087e-40
6.427686007631406093e-40
6.213592905053276947e-40
6.011580210502625459e-40
5.818718505574504136e-40
5.633789945349784872e-40
5.456922161038722762e-40
5.288428360450541706e-40
5.128549804016599856e-40
4.976854211318289474e-40
4.832637817351197810e-40
4.695276302543108095e-40
4.564045611692813642e-40
4.438415951561169848e-40
4.318081261487370493e-40
4.202685811492297185e-40
4.091922894473312501e-40
3.985617862129539476e-40
3.883570278147599709e-40
3.785516471235084942e-40
3.691247333089792425e-40
3.600612667371464411e-40
3.513443047769291590e-40
3.429535687767487815e-40
3.348708262607281928e-40
3.270818528890456218e-40
3.195743800487255284e-40
3.123352527201880206e-40
3.053507333379806783e-40
2.986075648897073864e-40
2.920940528736486659e-40
2.857999427163995703e-40
2.797157429685155917e-40
2.738324771874237454e-40
2.681413216476244473e-40
2.626337389502908417e-40
2.573016585194071662e-40
2.521373712260335906e-40
2.471336526777538606e-40
2.422837632925130332e-40
2.375812952989389718e-40
2.330201841173334141e-40
2.285947330744210062e-40
2.242995199865766296e-40
2.201293577285147461e-40
2.160793348179218430e-40
2.121447968724959121e-40
2.083213118707871718e-40
2.046046343594152902e-40
2.009907262756579911e-40
1.974757491411890661e-40
1.940560566257307575e-40
1.907281615617988095e-40
1.874887300703756681e-40
1.843345750888523762e-40
1.812626620332151133e-40
1.782700903851991651e-40
1.753540936084173900e-40
1.725120224824399484e-40
1.697413423132964226e-40
1.670396283716015721e-40
1.644045585874749426e-40
1.618339045081941439e-40
1.593255359086186842e-40
1.568774128265223221e-40
1.544875730382374966e-40
1.521541403857920568e-40
1.498753117135323441e-40
1.476493581492868306e-40
1.454746172180793874e-40
1.433494931543877379e-40
1.412724539624060300e-40
1.392420269180294639e-40
1.372567926794964139e-40
1.353153904135678014e-40
1.334165088737453032e-40
1.315588847660272407e-40
1.297413070717756650e-40
1.279626024798613252e-40
1.262216449017580560e-40
1.245173497094432216e-40
1.228486702066727664e-40
1.212145962542564564e-40
1.196141580802618287e-40
1.180464137490648223e-40
1.165104606403664168e-40
1.150054227675398680e-40
1.135304588160402921e-40
1.120847515735598608e-40
1.106675155502798070e-40
1.092779897946125303e-40
1.079154409732661666e-40
1.065791571317058990e-40
1.052684525744044342e-40
1.039826636012288012e-40
1.027211470610846138e-40
1.014832827959796256e-40
1.002684681898892308e-40
9.907612134803739161e-41
9.790568018962366759e-41
9.675659628122448161e-41
9.562834228258774582e-41
9.452040725020037495e-41
9.343229289608525130e-41
9.236351933796391844e-41
9.131362081518331857e-41
9.028214302085192251e-41
8.926865039998966626e-41
8.827271549123222597e-41
8.729392550884909916e-41
8.633188212326446894e-41
8.538619429931174266e-41
8.445648674028257106e-41
8.354239221367083163e-41
8.264355546054976642e-41
8.175963144060594571e-41
8.089028317988847054e-41
8.003518583397196783e-41
7.919402287397747692e-41
7.836648496224702271e-41
7.755227314673190712e-41
7.675109733821477709e-41
7.596267296967560772e-41
7.518672665042406981e-41
7.442298830155669319e-41
7.367119876293114191e-41
7.293110496983994487e-41
7.220245927280017645e-41
7.148502126554002544e-41
7.077855823251403477e-41
7.008284226700722623e-41
6.939765060451719817e-41
6.872276825390958929e-41
6.805798402342753917e-41
6.740309436821477165e-41
6.675789835352108609e-41
6.612220237436490748e-41
6.549581644951269468e-41
6.487855504117544254e-41
6.427023877429595412e-41
6.367069099140103081e-41
6.307974255367144738e-41
6.249722366381351979e-41
6.192297221455747934e-41
6.135682900625001110e-41
6.079864048228720309e-41
6.024825258811465283e-41
5.970551867750785410e-41
5.917029499211716968e-41
5.864244033206023550e-41
5.812181660986164335e-41
5.760829028905248774e-41
5.710173068529077953e-41
5.660200812040615624e-41
5.610899830353389830e-41
5.562257973540616295e-41
5.514263237371033573e-41
5.466904083647280086e-41
5.420168889285742977e-41
5.374046576339879883e-41
5.328526405462089414e-41
5.283597573671986130e-41
5.239249661707421815e-41
5.195472565310832245e-41
5.152256391230123398e-41
5.109591332841287735e-41
5.067467834209431125e-41
5.025876583859067724e-41
4.984808612204934671e-41
4.944254863346218197e-41
4.904206649522119435e-41
4.864655514446933922e-41
4.825592970847254879e-41
4.787010904933017557e-41
4.748901306847909868e-41
4.711256391110177567e-41
4.674068518427616980e-41
4.637330041765755781e-41
4.601033688981175765e-41
4.565172328199447110e-41
4.529738752480906789e-41
4.494726075049651667e-41
4.460127782248319412e-41
4.425936819902112383e-41
4.392146965489159537e-41
4.358751821864989052e-41
4.325745181474434323e-41
4.293120843947209460e-41
4.260872833157544234e-41
4.228995296741609887e-41
4.197482461328286099e-41
4.166328721766977197e-41
4.135528400031910638e-41
4.105076290735775683e-41
4.074966935381412147e-41
4.045195167360157505e-41
4.015755792196811684e-41
3.986643860021110954e-41
3.957854494282679680e-41
3.929382698627362250e-41
3.901223863592924574e-41
3.873373271678213491e-41
3.845826483053967083e-41
3.818578858602616708e-41
3.791626063001253163e-41
3.764963812925233355e-41
3.738587885825751202e-41
3.712494065763480502e-41
3.686678293535693543e-41
3.661136595598031247e-41
3.635865017135840341e-41
3.610859742126543501e-41
3.586116876420809259e-41
3.561632740073478056e-41
3.537403769274358656e-41
3.513426183577778842e-41
3.489696584412296427e-41
3.466211580398570083e-41
3.442967594243207126e-41
3.419961387110566612e-41
3.397189597494386083e-41
3.374649132056854659e-41
3.352336702709132925e-41
3.330249200221590720e-41
3.308383574642626708e-41
3.286736901778023208e-41
3.265306108287150286e-41
3.244088288393245464e-41
3.223080648913166597e-41
3.202280362837763658e-41
3.181684626059725278e-41
3.161290745276532320e-41
3.141096064788085926e-41
3.121097968035419176e-41
3.101293822309998380e-41
3.081681076313164264e-41
3.062257298531472536e-41
3.043020091694417036e-41
3.023966865019345649e-41
3.005095348947417663e-41
2.986403237510144212e-41
2.967888089081795257e-41
2.949547721528504083e-41
2.931379939272709679e-41
2.913382510437148654e-41
2.895553296047076102e-41
2.877890158233564974e-41
2.860391044697059861e-41
2.843053863894919613e-41
2.825876634894203999e-41
2.808857325555445837e-41
2.791993977862248434e-41
2.775284665180770725e-41
2.758727559788056409e-41
2.742320679303741593e-41
2.726062287502656599e-41
2.709950511215820762e-41
2.693983569745094975e-41
2.678159671112507144e-41
2.662477229468063109e-41
2.646934395600187765e-41
2.631529523628304449e-41
2.616260966753563539e-41
2.601127129711873847e-41
2.586126422738220135e-41
2.571257233389275359e-41
2.556517979722095372e-41
2.541907142355909802e-41
2.527423359143496119e-41
2.513064893395762519e-41
2.498830415596017283e-41
2.484718466570419408e-41
2.470727651439625225e-41
2.456856527561327352e-41
2.443103741797677456e-41
2.429467967629413524e-41
2.415947723020806049e-41
2.402541835401453994e-41
2.389248982477741310e-41
2.376067777363973709e-41
2.362997066212184323e-41
2.350035567487859690e-41
2.337182021347064350e-41
2.324435291955097042e-41
2.311794084743008948e-41
2.299257294296068540e-41
2.286823765402373240e-41
2.274492260922502062e-41
2.262261740990239551e-41
2.250131045916449721e-41
2.238099131009900020e-41
2.226164869793262713e-41
2.214327227454194106e-41
2.202585132686649295e-41
2.190937576657091568e-41
2.179383414148367560e-41
2.167921723391042534e-41
2.156551531813877126e-41
2.145271851362292672e-41
2.134081673599123668e-41
2.122980033366430767e-41
2.111966016538619024e-41
2.101038755325591282e-41
2.090197215262501293e-41
2.079440536364368411e-41
2.068767850685685926e-41
2.058178242646013458e-41
2.047670819605944953e-41
2.037244786719672025e-41
2.026899235309946535e-41
2.016633396168747782e-41
2.006446398818417267e-41
1.996337398391287652e-41
1.986305704475912082e-41
1.976350368023434581e-41
1.966470682263512305e-41
1.956665900351458384e-41
1.946935233357323815e-41
1.937277936167697414e-41
1.927693217831815771e-41
1.918180451001202790e-41
1.908738817613531417e-41
1.899367574448865850e-41
1.890066077983545029e-41
1.880833602847450843e-41
1.871669507870060960e-41
1.862573036654737544e-41
1.853543596967763586e-41
1.844580459660725161e-41
1.835683025880703188e-41
1.826850570299728434e-41
1.818082509391280922e-41
1.809378218030493184e-41
1.800737092165041484e-41
1.792158433028342500e-41
1.783641704458824175e-41
1.775186285190229629e-41
1.766791580710741067e-41
1.758456987591951990e-41
1.750181937718351272e-41
1.741965901445974014e-41
1.733808259300848069e-41
1.725708451376355483e-41
1.717665932594970699e-41
1.709680240007188786e-41
1.701750713730570201e-41
1.693876850920307349e-41
1.686058185878202296e-41
1.678294234962740986e-41
