2.648103705174695411e-52
2.656903859495127708e-52
2.665747978157836104e-52
2.674671900091647832e-52
2.683604948901980419e-52
2.692618633995692929e-52
2.701641808606999023e-52
2.710710440441356424e-52
2.719860981168104204e-52
2.729021569601173675e-52
2.738264931436915677e-52
2.747518723281929642e-52
2.756819529115722908e-52
2.766204429328628298e-52
2.775600348043063291e-52
2.785081258673535414e-52
2.794573590882810777e-52
2.804151826205768923e-52
2.813741894830871866e-52
2.823381270727866771e-52
2.833107942409713418e-52
2.842847081269640187e-52
2.852674462418927222e-52
2.862514744943155913e-52
2.872406058736699256e-52
2.882387061739614301e-52
2.892381634663296503e-52
2.902466880359066512e-52
2.912566153963407677e-52
2.922757099238076785e-52
2.932962540309763407e-52
2.943221554951803188e-52
2.953573768696340880e-52
2.963941198756115941e-52
2.974402866504424549e-52
2.984880244216388466e-52
2.995413108742057126e-52
3.006041799384145291e-52
3.016686960267083784e-52
3.027429027539131471e-52
3.038188085987639761e-52
3.049045148371509294e-52
3.059919734233292292e-52
3.070852631382895658e-52
3.081885211560718606e-52
3.092936135148790676e-52
3.104087884023968453e-52
3.115258538207412326e-52
3.126489631655020820e-52
3.137823298258073625e-52
3.149176735791061150e-52
3.160633935781429888e-52
3.172111499965660662e-52
3.183694035404570075e-52
3.195297541387180113e-52
3.206964631709706843e-52
3.218738543531636575e-52
3.230534360163854732e-52
3.242438257626414086e-52
3.254364700315734240e-52
3.266357099627464060e-52
3.278459507793638824e-52
3.290585448083972906e-52
3.302822709785568044e-52
3.315084180193006255e-52
3.327458306648092390e-52
3.339857333465543038e-52
3.352325827261831294e-52
3.364909021064955907e-52
3.377518181314846269e-52
3.390243433494253449e-52
3.402995383108181780e-52
3.415819450719549959e-52
3.428761742433471114e-52
3.441731858454708649e-52
3.454821650900695618e-52
3.467940040428429021e-52
3.481179583800992533e-52
3.494448514465032602e-52
3.507793490858355885e-52
3.521261884966155368e-52
3.534760884811133308e-52
3.548384844914928260e-52
3.562040246489693658e-52
3.575774663793521148e-52
3.589636405588552565e-52
3.603530877697589952e-52
3.617554285620118967e-52
3.631611308001872570e-52
3.645798906101903440e-52
3.660021023045997674e-52
3.674326561796253727e-52
3.688765190588751292e-52
3.703239733253745488e-52
3.717849080159999115e-52
3.732495298148458970e-52
3.747228274095954772e-52
3.762098683175858607e-52
3.777007440119860396e-52
3.792055422955923518e-52
3.807142767133593187e-52
3.822371162637571059e-52
3.837639956485846364e-52
3.853000464356429166e-52
3.868504824067235579e-52
3.884051182412098624e-52
3.899743303069858535e-52
3.915478520865059585e-52
3.931309210499435162e-52
3.947288594187761687e-52
3.963312770532660170e-52
3.979487641445430712e-52
3.995708469097354958e-52
4.012082029346337979e-52
4.028502737849948996e-52
4.045024508714171424e-52
4.061702140838136623e-52
4.078428760836278487e-52
4.095313377790714412e-52
4.112248245953950046e-52
4.129288421560855042e-52
4.146489873633997186e-52
4.163743527813186328e-52
4.181160697753420775e-52
4.198631409807853795e-52
4.216267920120142657e-52
4.233959344682966143e-52
4.251762401646067595e-52
4.269734763157935146e-52
4.287764158478553272e-52
4.305965253454850623e-52
4.324224838506901771e-52
4.342600866112043911e-52
4.361152273728843164e-52
4.379764421444949633e-52
4.398554463909874123e-52
4.417406792715053361e-52
4.436439580934751693e-52
4.455536239467499201e-52
4.474756518799467386e-52
4.494161200107495023e-52
4.513632199833751525e-52
4.533290296552130271e-52
4.553016394585348181e-52
4.572871581325831247e-52
4.592918009259570906e-52
4.613035040124755502e-52
4.633346145892095421e-52
4.653729643425921215e-52
4.674310107538989921e-52
4.694964796721683792e-52
4.715756748076990525e-52
4.736750114597336007e-52
4.757820541310109517e-52
4.779095426350264525e-52
4.800449321626987820e-52
4.821946715677222928e-52
4.843653251200995526e-52
4.865441813387158168e-52
4.887442721705415183e-52
4.909527731938649749e-52
4.931828360543846561e-52
4.954215218943764465e-52
4.976754915042135260e-52
4.999515267494674901e-52
5.022365142503772889e-52
5.045439122939144651e-52
5.068604892104410126e-52
5.091930637631374978e-52
5.115485800631258507e-52
5.139136260100689225e-52
5.163019774976052766e-52
5.187001001103593587e-52
5.211218999705427089e-52
5.235537186866009157e-52
5.260026059954565516e-52
5.284757433099397801e-52
5.309592830889052442e-52
5.334674653172080242e-52
5.359863141943434740e-52
5.385230518523976054e-52
5.410850368871063561e-52
5.436580977786426663e-52
5.462568206797254932e-52
5.488669013335062916e-52
5.515030679413968179e-52
5.541508816600283531e-52
5.568178170388946296e-52
5.595114921937838455e-52
5.622172628520766097e-52
5.649502216639099412e-52
5.676955849993988586e-52
5.704610160839819984e-52
5.732543270880103735e-52
5.760605216289520919e-52
5.788950706687456729e-52
5.817428334702505136e-52
5.846194363597879979e-52
5.875095921836126708e-52
5.904212408406628643e-52
5.933624791721694246e-52
5.963177964330829368e-52
5.993032178946369830e-52
6.023030810635915264e-52
6.053255329696327061e-52
6.083788836514439062e-52
6.114472388371379308e-52
6.145470384246206625e-52
6.176622308069268959e-52
6.208094263057069940e-52
6.239724136682858715e-52
6.271596441562259119e-52
6.303797410749836972e-52
6.336162492632560881e-52
6.368862170544231363e-52
6.401730236691992514e-52
6.434853485122019177e-52
6.468320499045393513e-52
6.501962539824175895e-52
6.535954648992178035e-52
6.570126369081057111e-52
6.604654616956170709e-52
6.639367190363302327e-52
6.674354240228947729e-52
6.709707809163042919e-52
6.745253027917685252e-52
6.781171637776080238e-52
6.817286957637174961e-52
6.853691660326132102e-52
6.890480388483328577e-52
6.927473690884660339e-52
6.964858336427415128e-52
7.002452991548326045e-52
7.040446495678030511e-52
7.078655603754103405e-52
7.117176706358674710e-52
7.156108280778364394e-52
7.195264158558462733e-52
7.234838511217229383e-52
7.274643183221908013e-52
7.314777363704332414e-52
7.355342417747255135e-52
7.396147150174748004e-52
7.437391297590063326e-52
7.478881598263468212e-52
7.520820083125400539e-52
7.563011390967327299e-52
7.605558845056144791e-52
7.648568078449288917e-52
7.691840517284129490e-52
7.735584107592118821e-52
7.779598090654123583e-52
7.823988908385696100e-52
7.868865414961914388e-52
7.914023507596209338e-52
7.959677315972050763e-52
8.005620462544565425e-52
8.052069629351613505e-52
8.098816126781135223e-52
8.145971014227254984e-52
8.193647917317561011e-52
8.241634606534725229e-52
8.290154352184734344e-52
8.338992515960090118e-52
8.388263648681755520e-52
8.438084985617517305e-52
8.488238199565892841e-52
8.538953460473157315e-52
8.590009930342620832e-52
8.641640630650448795e-52
8.693622170263363546e-52
8.746074282227388249e-52
8.799119562209229738e-52
8.852530707827438322e-52
8.906548110760741492e-52
8.960941805559025276e-52
9.015835453820060645e-52
9.071355716938324344e-52
9.127268548813888132e-52
9.183822074616669750e-52
9.240779469155407988e-52
9.298392058176176960e-52
9.356420189205873208e-52
9.414993370742893515e-52
9.474244318522129137e-52
9.533929046222680752e-52
9.594307163954789716e-52
9.655131732857223346e-52
9.716536706438360066e-52
9.778659405649416404e-52
9.841248364638926842e-52
9.904571904643123429e-52
9.968375474921222921e-52
1.003279771707480364e-51
1.009798081134902722e-51
1.016366547585576006e-51
1.023012920038898293e-51
1.029710947821943351e-51
1.036488760198390623e-51
1.043319778193340983e-51
1.050218566750822248e-51
1.057200070690554664e-51
1.064237207355064666e-51
1.071359092600943486e-51
1.078538300328900914e-51
1.085789930671859546e-51
1.093129483824254006e-51
1.100529006645511275e-51
1.108018655917104760e-51
1.115570119039487444e-51
1.123213985296024372e-51
1.130921575958657894e-51
1.138708793971792212e-51
1.146591973123557872e-51
1.154541872632379716e-51
1.162590205898670580e-51
1.170707348663983649e-51
1.178909819221304963e-51
1.187214590695558746e-51
1.195591449994759159e-51
1.204073299736849908e-51
1.212629524980042786e-51
1.221293523424790853e-51
1.230034270629361401e-51
1.238869211562152272e-51
1.247816282755217262e-51
1.256843830759548783e-51
1.265986542655706807e-51
1.275212335583034567e-51
1.284539367715602805e-51
1.293986317537602945e-51
1.303520442434544299e-51
1.313177797644562646e-51
1.322925190044577132e-51
1.332799245683748718e-51
1.342766312148892722e-51
1.352845626386565567e-51
1.363056989883072063e-51
1.373366044337626375e-51
1.383810905803150082e-51
1.394356733818979197e-51
1.405023599441357290e-51
1.415832173048069900e-51
1.426746872985510537e-51
1.437807401677456181e-51
1.448977671092896243e-51
1.460298047122166178e-51
1.471731925274629869e-51
1.483300644545126981e-51
1.495026197039946450e-51
1.506871184127690961e-51
1.518877708024729921e-51
1.531007827409773165e-51
1.543283866792551769e-51
1.555728846326831101e-51
1.568303990075387155e-51
1.581053255920866487e-51
1.593937297486192301e-51
1.607000850894915078e-51
1.620203987790252731e-51
1.633570539275464779e-51
1.647125098257372655e-51
1.660826841170502876e-51
1.674722546778642266e-51
1.688770779560226936e-51
1.702996548636528983e-51
1.717425677564423327e-51
1.732015789415127091e-51
1.746815855461670599e-51
1.761782855191619782e-51
1.776966682284112476e-51
1.792323659523321739e-51
1.807880608600394055e-51
1.823665248062979465e-51
1.839632890402610902e-51
1.855835858421381990e-51
1.872228773922648645e-51
1.888839885585348497e-51
1.905698404975791935e-51
1.922757891363927903e-51
1.940073287877060612e-51
1.957597427438184031e-51
1.975386359562226956e-51
1.993392176099837824e-51
2.011645337795253368e-51
2.030177372466272561e-51
2.048939232127863178e-51
2.067989891170117218e-51
2.087279522614956686e-51
2.106840342489935461e-51
2.126705718031480314e-51
2.146824624407806243e-51
2.167259209274428663e-51
2.187957629413642138e-51
2.208983377967500309e-51
2.230283777212579250e-51
2.251893787711402492e-51
2.273849655152468175e-51
2.296097419348578282e-51
2.318704146389982726e-51
2.341615000519460026e-51
2.364867140101385012e-51
2.388499117762918866e-51
2.412454753035038128e-51
2.436805014450546732e-51
2.461492804155656872e-51
2.486590753475886484e-51
2.512040830357928196e-51
2.537883664260876252e-51
2.564161454384530487e-51
2.590814735802388455e-51
2.617920578721170546e-51
2.645418542155954729e-51
2.673352064949694019e-51
2.701766300248875135e-51
2.730599311991319641e-51
2.759933057016102303e-51
2.789704582392459800e-51
2.819997939194537357e-51
2.850749141863198321e-51
2.882006118603639862e-51
2.913818747126978022e-51
2.946121464352325785e-51
2.979003946991238440e-51
3.012399562284676116e-51
3.046359917555915875e-51
3.080938765862389308e-51
3.116067844714996972e-51
3.151843082254190833e-51
3.188195114329206063e-51
3.225222566742936248e-51
3.262854962921725731e-51
3.301149870973252228e-51
3.340167328529829464e-51
3.379835173353634525e-51
3.420259332181423445e-51
3.461366510485174338e-51
3.503219233483383648e-51
3.545882770111100715e-51
3.589282119797472346e-51
3.633531414093166818e-51
3.678554514073560919e-51
3.724469121300728823e-51
3.771197961253322516e-51
3.818811722164277492e-51
3.867384296070340072e-51
3.916836718146217263e-51
3.967296439381901811e-51
4.018683383455823005e-51
4.071075145535008268e-51
4.124552921253369562e-51
4.179035002669862775e-51
4.234659947187898482e-51
4.291344992200008519e-51
4.349233576306889819e-51
4.408241916982641757e-51
4.468459204391057716e-51
4.529978908296589358e-51
4.592715799884709996e-51
4.656826795118460854e-51
4.722225771636469272e-51
4.789011933278296356e-51
4.857289361810248975e-51
4.926970729500061965e-51
4.998228562053079223e-51
5.070974839004431974e-51
5.145389030788249209e-51
5.221382531796048824e-51
5.299071745424239601e-51
5.378579002841985257e-51
5.459815064490392917e-51
5.542978835696695067e-51
5.627980850365658704e-51
5.714952731261408793e-51
5.804032978473221757e-51
5.895132146775851280e-51
5.988472113755234002e-51
6.083963735976803702e-51
6.181839265670898109e-51
6.282010135102702326e-51
6.384634831601754812e-51
6.489880436737265959e-51
6.597659857403397358e-51
6.708234866077911032e-51
6.821519837868948395e-51
6.937697730964079234e-51
7.056961701484213872e-51
7.179229211359031595e-51
7.304797813061983190e-51
7.433587727837937042e-51
7.565912968437754678e-51
7.701697180889621896e-51
7.841167957303448180e-51
7.984566096727835437e-51
8.131821866064665239e-51
8.283297091313150476e-51
8.438927631472883198e-51
8.598983174993353815e-51
8.763749541579123576e-51
8.933173133939717694e-51
9.107675563971189722e-51
9.287211980023772214e-51
9.472232134020243494e-51
9.662701559353495164e-51
9.858969833847651165e-51
1.006140841143066789e-50
1.027000208345495185e-50
1.048528447894357323e-50
1.070725617451964780e-50
1.093634536367983117e-50
1.117300790896890673e-50
1.141727356715789902e-50
1.166978499654802755e-50
1.193059574037791302e-50
1.220040127613286417e-50
1.247928322525732077e-50
1.276782635317722965e-50
1.306665537855071817e-50
1.337590381171200025e-50
1.369642862071228432e-50
1.402840808479503790e-50
1.437258736410060081e-50
1.472976708853715949e-50
1.510020168238649271e-50
1.548497121494940423e-50
1.588439463828303582e-50
1.629966335194018498e-50
1.673117250565184153e-50
1.718000928346858228e-50
1.764739679254691931e-50
1.813376645962182953e-50
1.864075026413991122e-50
1.916898748831213968e-50
1.971994822338530404e-50
2.029522161133276444e-50
2.089569138846578555e-50
2.152343282217202268e-50
2.217953583247984722e-50
2.286647973350497275e-50
2.358359738289297098e-50
2.433747950405799900e-50
2.512740006930327440e-50
2.595581829644196651e-50
2.682603152529845574e-50
2.774011654352394371e-50
2.870138843012400136e-50
2.971334622544867854e-50
3.077809446589262076e-50
3.189562070366642726e-50
3.313757691523656819e-50
3.436185605608060208e-50
3.568632280422892350e-50
3.709167659168479250e-50
3.858356229070720855e-50
4.016845780740150126e-50
4.185715827125757356e-50
4.366302719167606351e-50
4.561730405493896754e-50
4.787332889438590712e-50
4.840744698321990194e-50
5.162827486877812581e-50
5.417268412122141287e-50
5.680931297217975764e-50
5.958957164275448747e-50
6.251524247885673062e-50
6.555342993651111724e-50
6.857248295938957123e-50
7.107059185799246406e-50
6.967524490735593514e-50
1.183038006374805185e-49
9.720812395909047427e-50
1.006652445035638750e-49
1.068484016946315332e-49
1.148730324040522927e-49
1.251379543776086238e-49
1.390196855632107379e-49
1.603190059054003719e-49
2.029969566323476313e-49
3.787571775456025255e-49
1.774023349629834757e-49
3.711739952903786694e-50
7.029698712074041820e-50
8.366358551648329100e-50
8.505575699893985203e-50
7.407927709963430489e-50
4.724302397740000546e-50
7.643524712017606493e-51
6.502801805944874174e-50
2.909932633314944418e-48
7.280832608662531084e-47
7.439062864513146444e-48
4.782511627628716660e-48
4.450158010813685251e-48
4.931199777338772108e-48
6.195596330228562852e-48
8.832544636485387318e-48
1.490822608720898225e-47
3.389127081079662731e-47
1.731627753816429730e-46
1.256781553055660340e-45
4.975366272733904493e-47
1.400930277242553228e-47
5.959148894522285646e-48
2.967911729084586072e-48
1.534452738313122769e-48
7.204861288725592403e-49
2.074464773350902291e-49
1.203483691232753679e-50
3.103813788099451163e-48
6.861809705265082206e-47
5.202999394408665960e-48
2.329786396349915142e-48
1.445158341991794562e-48
1.018514576240098018e-48
7.638448899302974742e-49
5.895246820685369485e-49
4.541161286531808770e-49
3.262141884396942415e-49
1.319367163150875914e-49
1.858871023413740626e-48
5.144013331199494264e-49
3.770567042754588879e-49
3.112480010778159601e-49
2.678889658172402181e-49
2.354343918799898989e-49
2.094448406455968047e-49
1.875587775118452923e-49
1.678175793065741329e-49
1.447837372034013957e-49
1.893423016512360887e-49
1.431590500441813981e-49
1.293359041726440247e-49
1.189899917382592681e-49
1.102856235999978744e-49
1.026846116397590565e-49
9.593162111068410120e-50
8.985923007898986776e-50
8.433217548398574873e-50
7.908682226719026177e-50
7.660379935632600009e-50
7.130273946256089046e-50
6.738641581564676454e-50
6.385610024521805595e-50
6.061856296381900080e-50
5.763254531692803683e-50
5.486932523949147856e-50
5.230373576376823446e-50
4.991659962282166653e-50
4.768390814224151217e-50
4.567297666035541109e-50
4.369417761870727450e-50
4.187119510306363099e-50
4.016380883010667256e-50
3.855984447160984619e-50
3.705161907722536667e-50
3.563053229432483877e-50
3.429029919303388377e-50
3.302522246242944881e-50
3.182873445959606304e-50
3.069893768523113400e-50
2.962555685092950411e-50
2.860899169750581626e-50
2.764383116994148863e-50
2.672694051967200426e-50
2.585546465630174913e-50
2.502578372812040463e-50
2.423587950987202508e-50
2.348262614662609065e-50
2.276406610420210123e-50
2.207843770033606338e-50
2.142307905664146111e-50
2.079685221752603159e-50
2.019750610046121438e-50
1.962402740225135686e-50
1.907444753252035434e-50
1.854769010592345041e-50
1.804274279742618205e-50
1.755795761969282389e-50
1.709271711200135115e-50
1.664554975648176321e-50
1.621573481143541882e-50
1.580259417410453160e-50
1.540487270257405325e-50
1.502220233282816125e-50
1.465344961867463977e-50
1.429813046262272105e-50
1.395578311145088378e-50
1.362542727771785604e-50
1.330685557355740247e-50
1.299917410152526720e-50
1.270222276110271579e-50
1.241518363525359311e-50
1.213777641619401145e-50
1.186973100355746969e-50
1.161032712681652096e-50
1.135949354087545637e-50
1.111656602021049135e-50
1.088135602145226316e-50
1.065368035348182493e-50
1.043294766724182611e-50
1.021914537613781631e-50
1.001172439270163827e-50
9.810689593971793288e-51
9.615529852815746246e-51
9.426140325484801604e-51
9.242417618053353848e-51
9.063900643161987004e-51
8.890627086394267523e-51
8.722165265445850031e-51
8.558449497826390523e-51
8.399413977812984299e-51
8.244666119929215704e-51
8.094265033299994309e-51
7.947841299970797855e-51
7.805460271066078035e-51
7.666773681553497221e-51
7.531752550234601335e-51
7.400366531924902725e-51
7.272295789644989169e-51
7.147616984434217629e-51
7.026027301131011421e-51
6.907515268692172644e-51
6.792067584228663576e-51
6.679404465375548062e-51
6.569609304967889364e-51
6.462416203601990566e-51
6.357910298852270267e-51
6.255838532040130677e-51
6.156205987971986755e-51
6.059015603606970709e-51
5.964031844553792621e-51
5.871342448466396819e-51
5.780722531603828011e-51
5.692185067364288136e-51
5.605740804148476113e-51
5.521179473226249860e-51
5.438589531018801106e-51
5.357769638500154778e-51
5.278808151371070716e-51
5.201512075837970399e-51
5.125901729227787838e-51
5.051995214931450683e-51
4.979611069507954988e-51
4.908836683685019912e-51
4.839497686083123403e-51
4.771617772621182778e-51
4.705218483644815545e-51
4.640135289914993324e-51
4.576453870714426511e-51
4.514015776414269625e-51
4.452905852682043333e-51
4.392971379180879286e-51
4.334238996786041644e-51
4.276733309728379878e-51
4.220309592875887028e-51
4.165050348025071398e-51
4.110815815475561213e-51
4.057633829407087487e-51
4.005530285787068680e-51
3.954372378976947260e-51
3.904240015345834886e-51
3.855004723099262460e-51
3.806745326396842930e-51
3.759337465334383266e-51
3.712809769057318258e-51
3.667189072612239800e-51
3.622356800888089862e-51
3.578389012254947137e-51
3.535170752628335776e-51
3.492730772679609313e-51
3.451096131572440384e-51
3.410156984370784796e-51
3.369986589783206039e-51
3.330478310077167091e-51
3.291704286025444842e-51
3.253560939754155347e-51
3.216076766254446050e-51
3.179278707726603312e-51
3.143067519735815988e-51
3.107512574407231447e-51
3.072517357404676672e-51
3.038109967696169691e-51
3.004317045470509213e-51
2.971045952160465906e-51
2.938363350157893157e-51
2.906179048394968317e-51
2.874558646419924132e-51
2.843414298922712504e-51
2.812773353553656286e-51
2.782661822478495795e-51
2.752995200797106138e-51
2.723836491744917510e-51
2.695103306174732285e-51
2.666822361300580477e-51
2.639019120706332023e-51
2.611614214170625495e-51
2.584668142798166542e-51
2.558103452235925294e-51
2.531979670482355079e-51
2.506221186421737937e-51
2.480853756140130450e-51
2.455901988027330374e-51
2.431292907816599819e-51
2.407083682182438399e-51
2.383203014456010859e-51
2.359675942431871240e-51
2.336526425890205421e-51
2.313685572102116462e-51
2.291208289306341633e-51
2.269027216709086608e-51
2.247196387906960202e-51
2.225649920684273457e-51
2.204411829971262601e-51
2.183505142349261504e-51
2.162866098952861489e-51
2.142546617957669390e-51
2.122484296491932278e-51
2.102702418986856126e-51
2.083223340289935287e-51
2.063986607625816394e-51
2.045042123395039403e-51
2.026330681913750908e-51
2.007901406485781686e-51
1.989696298347678054e-51
1.971737633059098286e-51
1.954046832056237420e-51
1.936567635496668983e-51
1.919347285169286567e-51
1.902330635284640539e-51
1.885539256739085401e-51
1.868993915716861501e-51
1.852641073505977590e-51
1.836526181867316751e-51
1.820596732903433146e-51
1.804897487074986824e-51
1.789376936416597868e-51
1.774055694007157162e-51
1.758953631666992481e-51
1.744020686178459979e-51
1.729299949341709824e-51
1.714742286071255290e-51
1.700367648453219137e-51
1.686195288888215362e-51
1.672177414713304838e-51
1.658355530834041826e-51
1.644682707876308030e-51
1.631199837942387588e-51
1.617860830765178226e-51
1.604684747897945484e-51
1.591690004658767901e-51
1.578831726108288043e-51
1.566149325044147632e-51
1.553598709138688750e-51
1.541198329559983703e-51
1.528966026314118037e-51
1.516858841617069312e-51
1.504914781007259474e-51
1.493091617950275858e-51
1.481426814368387866e-51
1.469878855735066123e-51
1.458465375012163450e-51
1.447203439166200542e-51
1.436052567099843415e-51
1.425048907885094034e-51
1.414152647293168784e-51
1.403380859643414479e-51
1.392750082951600982e-51
1.382221471678122977e-51
1.371829925072410894e-51
1.361537223179557201e-51
1.351377782168033127e-51
1.341313992141302953e-51
1.331362180685465222e-51
1.321538177399637501e-51
1.311805259496759446e-51
1.302196675750508203e-51
1.292676276869684340e-51
1.283259881673989292e-51
1.273962836239625359e-51
1.264749825811769969e-51
1.255652986733096815e-51
1.246637544136720928e-51
1.237735204077418653e-51
1.228911718888896309e-51
1.220182228321174594e-51
1.211561432027180154e-51
1.203015850235740896e-51
1.194576148402971219e-51
1.186209343988875543e-51
1.177930114542872988e-51
1.169752719079593151e-51
1.161644899761844401e-51
1.153636329332636972e-51
1.145695219511208268e-51
1.137850858753170039e-51
1.130071917856498117e-51
1.122372457824349080e-51
1.114766149075121828e-51
1.107222332062652528e-51
1.099769365129325720e-51
1.092377022981219110e-51
1.085058947107112945e-51
1.077828406908055407e-51
1.070655810889338382e-51
1.063568629030620487e-51
1.056537681065534853e-51
1.049590092788582369e-51
1.042697086424490008e-51
1.035871743875903881e-51
1.029126798994495524e-51
1.022434061887704132e-51
1.015819824602970128e-51
1.009256278971556537e-51
1.002756126082183137e-51
9.963317349140679141e-52
9.899558551337812724e-52
9.836539815034186234e-52
9.773992260875760278e-52
9.712167744844865610e-52
9.650800937986428448e-52
9.590013769903152542e-52
9.529925056654091268e-52
9.470274661273278541e-52
9.411306944320229380e-52
9.352765144040525538e-52
9.294767730459139713e-52
9.237430198089432868e-52
9.180500723274095164e-52
9.124216490214215226e-52
9.068328886889907763e-52
9.013072312399845321e-52
8.958201303937100937e-52
8.903829712730685385e-52
8.850068594566671421e-52
8.796677096980513488e-52
8.743882861067230437e-52
8.691448034661381107e-52
8.639483322231410036e-52
8.588096752789535883e-52
8.537054868344919631e-52
8.486578831934610797e-52
8.436438046366414821e-52
8.386851158476968899e-52
8.337590378580331154e-52
8.288762206879360611e-52
8.240470625071546889e-52
8.192491957578294444e-52
8.145038740714737076e-52
8.097889978895355339e-52
8.051149305763745579e-52
8.004917941205683202e-52
7.958978818404079488e-52
7.913538609470264282e-52
7.868382807838126070e-52
7.823612288469694125e-52
7.779325611692206690e-52
7.735312025572291322e-52
7.691772571690198773e-52
7.648498945777707227e-52
7.605689999905277647e-52
7.563139834320784644e-52
7.520945633836187525e-52
7.479202398611270757e-52
7.437707756911680438e-52
7.396655237706695919e-52
7.355844770352196374e-52
7.315371020489734785e-52
7.275326556119718985e-52
7.235514683997547670e-52
7.196123816437207694e-52
7.156959463787169112e-52
7.118208047124139906e-52
7.079677242973600830e-52
7.041458344155201224e-52
7.003640660157879125e-52
6.966035048376373626e-52
6.928823085177158949e-52
6.891817704257796705e-52
6.855107893764245033e-52
6.818780735200156183e-52
6.782652212139952994e-52
6.746899239125157594e-52
6.711339791174736197e-52
6.676148967250758779e-52
6.641146701164026417e-52
6.606418892545305138e-52
6.572049635291250993e-52
6.537861741719115317e-52
6.504025890241677268e-52
6.470366773501362627e-52
6.436968178727199276e-52
6.403912155237939588e-52
6.371026159687510554e-52
6.338476612397066104e-52
6.306092776070219497e-52
6.274039411521356627e-52
6.242147558914548359e-52
6.210498171961715766e-52
6.179170555894959516e-52
6.147998364705449244e-52
6.117142315777180352e-52
6.086437771709192835e-52
6.055963746410747707e-52
6.025797665477483234e-52
5.995777404765362970e-52
5.966059782995460700e-52
5.936484319326292724e-52
5.907206311982489489e-52
5.878066898278690471e-52
5.849142487668994853e-52
5.820507980789701756e-52
5.792006896009586727e-52
5.763790824392511167e-52
5.735704841758144662e-52
5.707823572902848229e-52
5.680220187387175323e-52
5.652742053359256821e-52
5.625537184051110802e-52
5.598454447422176348e-52
5.571640460413333251e-52
5.544945568520848533e-52
5.518441998197993061e-52
5.492200591506454111e-52
5.466073869421087151e-52
5.440205042375734186e-52
5.414448055175115553e-52
5.388873489313000250e-52
5.363550589747215832e-52
5.338335398171034307e-52
5.313367834350687121e-52
5.288505312693255286e-52
5.263886467962316953e-52
5.239370067513558348e-52
5.215024480243151135e-52
5.190916801871827730e-52
5.166907792936292980e-52
5.143132951209426794e-52
5.119454342453513076e-52
5.095938816643717985e-52
5.072651993422497847e-52
5.049457861851516945e-52
5.026488886766340084e-52
5.003610316969314989e-52
4.980953432209191032e-52
4.958384723447391898e-52
4.935968995745198691e-52
4.913769880699695774e-52
4.891655700169972521e-52
4.869754839159180193e-52
4.847936819117777515e-52
4.826265040073855144e-52
4.804801767088716980e-52
4.783418290149027276e-52
4.762240193189291561e-52
4.741139925186104807e-52
4.720241974936581343e-52
4.699419934682094835e-52
4.678735311231914325e-52
4.658248527575959333e-52
4.637834861890555887e-52
4.617616126485541436e-52
4.597468704725522529e-52
4.577452801498476846e-52
4.557627572546322201e-52
4.537871031340958106e-52
4.518302398242387586e-52
4.498800755515666747e-52
4.479484309601430837e-52
4.460233197440390596e-52
4.441105868196679572e-52
4.422159767979192596e-52
4.403276589783907799e-52
4.384572060673921398e-52
4.365928894142667236e-52
4.347404330979531604e-52
4.329054640209787033e-52
4.310764041231010325e-52
4.292645858233100662e-52
4.274585298397218723e-52
4.256694745462875822e-52
4.238860381711993946e-52
4.221137817026589916e-52
4.203581731196338398e-52
4.186079745797567227e-52
4.168741943641831670e-52
4.151456890621424811e-52
4.134279073243052163e-52
4.117262076258873502e-52
4.100295859675628945e-52
4.083488274736988899e-52
4.066730196299103406e-52
4.050128601751941643e-52
4.033575269357647763e-52
4.017123168233179257e-52
4.000824403532056017e-52
3.984572087518210255e-52
3.968471058563618572e-52
3.952415304558426817e-52
3.936456748628785890e-52
3.920646475649069006e-52
3.904879766707179062e-52
3.889259384166683180e-52
3.873681458091301699e-52
3.858247937516093689e-52
3.842855791132445900e-52
3.827555528136373884e-52
3.812396853797048401e-52
3.797277975632374378e-52
3.782298850853993615e-52
3.767358500458899513e-52
3.752506458247210716e-52
3.737791477454610050e-52
3.723113780940557485e-52
3.708571391492244956e-52
3.694065321291867478e-52
3.679692834905188272e-52
3.665355724453218243e-52
3.651102204263191346e-52
3.636979739320549084e-52
3.622891274316668454e-52
3.608932216116754946e-52
3.595006266514890988e-52
3.581160728930714790e-52
3.567442178746900606e-52
3.553755436759651770e-52
3.540194104501395447e-52
3.526663737943654297e-52
3.513257230690431308e-52
3.499880865336281515e-52
3.486580712199811052e-52
3.473402142037274803e-52
3.460252511636517485e-52
3.447222979347648686e-52
3.434221607824058592e-52
3.421293615496530872e-52
3.408483540693482290e-52
3.395700489712568628e-52
3.383033933511954616e-52
3.370393664274965184e-52
3.357868491007554239e-52
3.345368884005162647e-52
3.332938907701032685e-52
3.320621972478935846e-52
3.308329551431167299e-52
3.296148830302863700e-52
3.283991941368021851e-52
3.271902151301084075e-52
3.259922090510905387e-52
3.247964866203157138e-52
3.236116084712756236e-52
3.224289494187354124e-52
3.212570081095684502e-52
3.200872227445350060e-52
3.189238118501091537e-52
3.177709327129226050e-52
3.166201172966412905e-52
3.154797121852875066e-52
3.143413109972606493e-52
3.132090574525042421e-52
3.120870356625879921e-52
3.109669304611859901e-52
3.098569403924659557e-52
3.087488102786238031e-52
3.076506805399028857e-52
3.065543553354870483e-52
3.054638769174344815e-52
3.043832301162607034e-52
3.033043068943366431e-52
3.022351050307267422e-52
3.011675742412976331e-52
3.001056865416923394e-52
2.990533580247236349e-52
2.980026238758908798e-52
2.969613429299016426e-52
2.959216065974279707e-52
2.948912191417151384e-52
2.938623276015429011e-52
2.928388086662464918e-52
2.918244851121419549e-52
2.908115863190789450e-52
2.898077825724745309e-52
2.888053574271139496e-52
2.878081215476060142e-52
2.868198330627227839e-52
2.858328557263923091e-52
2.848547292511497661e-52
2.838778701628030077e-52
2.829097668705275607e-52
2.819428881254321430e-52
2.809809549258366894e-52
2.800276375875188854e-52
2.790754821850685646e-52
2.781318511307869671e-52
2.771893413880099592e-52
2.762516118147791703e-52
2.753222718568121086e-52
2.743939938314134776e-52
2.734740172928844663e-52
2.725550641576932153e-52
2.716443256901470915e-52
2.707345729019534562e-52
