2.817095920141216697e-52
2.834390618670925948e-52
2.851849618123209248e-52
2.869529216607781308e-52
2.887323413734623476e-52
2.905343033922179818e-52
2.923481114875330751e-52
2.941794351255345111e-52
2.960340523796278952e-52
2.979011204275552670e-52
2.997920024272825241e-52
3.016957561915100362e-52
3.036182018120247128e-52
3.055652723282268840e-52
3.075258741096352468e-52
3.095116628049611500e-52
3.115114421248474712e-52
3.135369881985123310e-52
3.155770007254938145e-52
3.176375224193473420e-52
3.197247154450947540e-52
3.218271209646780949e-52
3.239568253459619580e-52
3.261022622757925807e-52
3.282696425420117293e-52
3.304653013650724213e-52
3.326775086067470717e-52
3.349186745421004923e-52
3.371769579689763758e-52
3.394649027807009303e-52
3.417705552408581014e-52
3.441003753576209102e-52
3.464609550641212770e-52
3.488401690811164092e-52
3.512509059059279049e-52
3.536809239639839521e-52
3.561368720721841187e-52
3.586255367289058266e-52
3.611344990837087687e-52
3.636770082528081201e-52
3.662405252034608412e-52
3.688384480630383827e-52
3.714581160298758845e-52
3.741064589348547126e-52
3.767905529867390501e-52
3.794975517746591752e-52
3.822412384124843291e-52
3.850086406679808280e-52
3.878069021177625183e-52
3.906433194273996510e-52
3.935047285936489842e-52
3.964053166763035564e-52
3.993317896868940694e-52
4.022985019204716158e-52
4.052920277069669358e-52
4.083198301334611014e-52
4.113895355574672942e-52
4.144875176427149898e-52
4.176285636424411447e-52
4.207989112351627538e-52
4.240062676576928327e-52
4.272585113164280380e-52
4.305416726988409250e-52
4.338709947277111860e-52
4.372323675142249274e-52
4.406412230495537388e-52
4.440833092923890160e-52
4.475667002853681366e-52
4.510996532825845312e-52
4.546676997365304525e-52
4.582867622942372112e-52
4.619422257812566287e-52
4.656424460450879318e-52
4.693959715369965975e-52
4.731879638387374063e-52
4.770348638344060255e-52
4.809216819753190967e-52
4.848650747363782990e-52
4.888498996375499674e-52
4.928849384037324110e-52
4.969791797748600924e-52
5.011172485839075863e-52
5.053163623607730354e-52
5.095609885310871352e-52
5.138602380778626708e-52
5.182234403120748179e-52
5.226348233116698842e-52
5.271121996895813787e-52
5.316396357220098619e-52
5.362351923448767422e-52
5.408827723120388445e-52
5.455919876500407817e-52
5.503726861974066372e-52
5.552085223439650472e-52
5.601182054113858722e-52
5.650852221041106883e-52
5.701195747023938022e-52
5.752315151274985734e-52
5.804042756681418482e-52
5.856572567960671890e-52
5.909735192314068635e-52
5.963727529166401274e-52
6.018378455524175118e-52
6.073793981413538414e-52
6.130082828788272008e-52
6.187071254702225812e-52
6.244963746866317195e-52
6.303584799338111735e-52
6.363045126320901122e-52
6.423458325987955173e-52
6.484646227629484139e-52
6.546821456202413643e-52
6.609804051496981416e-52
6.673810061597960454e-52
6.738657728418047467e-52
6.804465052937004639e-52
6.871353190903410653e-52
6.939137676038431969e-52
7.008043572914756084e-52
7.077884603507242870e-52
7.148784553179127718e-52
7.220870580537241889e-52
7.293953687417718522e-52
7.368268677114203340e-52
7.443624738438998111e-52
7.520260793381835419e-52
7.597984221570577531e-52
7.676927870388193642e-52
7.757228308496590125e-52
7.838690216480310714e-52
7.921563427951541552e-52
8.005650837469953456e-52
8.091092573456545239e-52
8.178032770002940111e-52
8.266271674200859447e-52
8.356071008866608274e-52
8.447229282113068770e-52
8.540013277544098865e-52
8.634219791308685192e-52
8.730000511381892732e-52
8.827511590918057266e-52
8.926547322030943346e-52
9.027387990601252925e-52
9.129826269626271618e-52
9.234023267179251376e-52
9.340144937720460161e-52
9.447981620876727901e-52
9.557828471880248571e-52
9.669474348569168569e-52
9.783220785462328216e-52
9.898855228826394565e-52
1.001655397702938744e-51
1.013649880130907011e-51
1.025847518596075068e-51
1.038280183223129730e-51
1.050926303538294039e-51
1.063804767843766769e-51
1.076935064645043970e-51
1.090295466499128521e-51
1.103919758655800821e-51
1.117786125317580063e-51
1.131929181248493544e-51
1.146327037376059270e-51
1.161000648430502146e-51
1.175971658070460673e-51
1.191218099948076249e-51
1.206776844469672310e-51
1.222625898545831566e-51
1.238787961851699506e-51
1.255286499551922422e-51
1.272099522115868850e-51
1.289266456177420492e-51
1.306765347693413860e-51
1.324636743347813426e-51
1.342858754924116929e-51
1.361457007962224779e-51
1.380458024931322394e-51
1.399840081503389436e-51
1.419646808713140423e-51
1.439856640886438898e-51
1.460497729034390115e-51
1.481599237385632184e-51
1.503139924749231378e-51
1.525166984268317995e-51
1.547659456707796198e-51
1.570666117750987433e-51
1.594166350123888363e-51
1.618192642561355843e-51
1.642778702286257462e-51
1.667904553725814802e-51
1.693623396948156616e-51
1.719915782084026340e-51
1.746818037097753124e-51
1.774367895416968689e-51
1.802546867289265647e-51
1.831413379158863907e-51
1.860949712078150341e-51
1.891216652873388991e-51
1.922197373266966062e-51
1.953934979630684877e-51
1.986474324691068126e-51
2.019800174371486256e-51
2.053980034250412001e-51
2.088999930567589111e-51
2.124909143415889092e-51
2.161759020393441681e-51
2.199537826323129724e-51
2.238321218059608254e-51
2.278099220020234753e-51
2.318951242194968904e-51
2.360869315251012960e-51
2.403913969239354167e-51
2.448148409620129588e-51
2.493568211865547360e-51
2.540263697936615773e-51
2.588233219848315699e-51
2.637547895917422451e-51
2.688282115319102895e-51
2.740439130800971507e-51
2.794122924023750477e-51
2.849340585719366546e-51
2.906202530488510118e-51
2.964720219494153614e-51
3.024984783107229465e-51
3.087091799975386098e-51
3.151060456031471307e-51
3.217020340788695846e-51
3.284996703941600300e-51
3.355100241332382172e-51
3.427447303791952195e-51
3.502073887815105755e-51
3.579134484207697261e-51
3.658673552992940799e-51
3.740857625925070676e-51
3.825740855800869496e-51
3.913472539649119600e-51
4.004210141158418138e-51
4.098025094202213629e-51
4.195120894095079697e-51
4.295582674831756644e-51
4.399599209932244681e-51
4.507370154863333235e-51
4.619005210480125094e-51
4.734758008199677461e-51
4.854757846478636592e-51
4.979283371148934839e-51
5.108486584549068264e-51
5.242638279166401514e-51
5.382026139896979073e-51
5.526843301197560988e-51
5.677447972074074964e-51
5.834066458347782659e-51
5.997058148242381328e-51
6.166806252708693668e-51
6.343597717739061496e-51
6.527904505823285418e-51
6.720062932162474337e-51
6.920603917327389780e-51
7.129921997289904728e-51
7.348572876508061547e-51
7.577152632124712329e-51
7.816163869116710915e-51
8.066333481215393280e-51
8.328253472508763610e-51
8.602706706258652482e-51
8.890537100395050545e-51
9.192504820237329550e-51
9.509636103843923022e-51
9.842832207917807665e-51
1.019328226630013571e-50
1.056205840467744356e-50
1.095049110641583111e-50
1.136002660516413580e-50
1.179206592940226775e-50
1.224837234810852364e-50
1.273062912535675116e-50
1.324086093839169743e-50
1.378128312423969464e-50
1.435412951530769380e-50
1.496211421293315625e-50
1.560794768380905707e-50
1.629488631368206963e-50
1.702623145488615947e-50
1.780584018613313690e-50
1.863797213157497481e-50
1.952711379281750207e-50
2.047856169962586943e-50
2.149790030317602485e-50
2.259164106459963925e-50
2.376713212869810712e-50
2.503246478004321234e-50
2.639727651241473874e-50
2.787231650557224598e-50
2.947036029914259797e-50
3.120628726342367654e-50
3.309711149138356750e-50
3.516296170184018928e-50
3.742644645533659267e-50
3.991342432909826090e-50
4.265171046264029566e-50
4.567088495040095219e-50
4.900034704856498497e-50
5.266654022405192984e-50
5.669075437361785002e-50
6.108458629829956727e-50
6.584757474446044173e-50
7.096491893805075839e-50
7.640846375325781711e-50
8.214561230289089940e-50
8.815651849879454245e-50
9.446974624042840570e-50
1.012172753923364854e-49
1.087202026920677583e-49
1.176066143692451697e-49
1.289677289160502071e-49
1.445569960002397577e-49
1.670249041604624095e-49
2.001851868197526031e-49
2.492813613278756833e-49
3.212101246375111024e-49
4.246451051433281910e-49
5.699822241181129349e-49
7.690655760968276918e-49
1.034637791920848713e-48
1.379511867071819633e-48
1.815398904211492502e-48
2.351307870605141815e-48
2.991443545306029352e-48
3.732584661149723728e-48
4.561327333316585947e-48
5.451897176565261062e-48
6.365571779352405575e-48
7.252544048475200322e-48
8.056144560550528874e-48
8.718278822246475350e-48
9.184167959405937859e-48
9.405184255629038644e-48
9.340600531265790151e-48
8.961390835106223968e-48
8.259435897971967321e-48
7.262165533181215342e-48
6.046272783998306879e-48
4.739565933108379587e-48
3.502098399816844040e-48
2.488673049895638593e-48
1.809262436329052338e-48
1.510438435719535688e-48
1.590801484225438977e-48
2.038084577052904764e-48
2.852449145643167672e-48
4.022936515711006010e-48
5.461710416480434344e-48
6.951439295925159627e-48
8.179258295085024681e-48
8.882887341763070495e-48
9.038791984896950608e-48
8.948334026938665624e-48
9.103015347206172744e-48
9.853871792502040966e-48
1.109119286845135236e-47
1.220420174348331790e-47
1.242838884727124485e-47
1.138110445831197809e-47
9.386204398897823553e-48
7.302036581997949295e-48
5.935896416882399558e-48
5.471326300929666726e-48
5.376764046385831979e-48
4.919761857432181372e-48
3.872410696177327746e-48
2.731891234194452024e-48
2.196765407000082941e-48
2.440140276910723681e-48
2.971916777313275088e-48
3.190453744935036956e-48
2.967575505117224551e-48
2.731545247573779379e-48
3.098279573121742428e-48
4.307624783618748673e-48
5.823892295021073348e-48
6.736268757353286244e-48
6.948119889630871384e-48
7.576893573386224298e-48
9.388606909531326648e-48
1.126593187702263568e-47
1.157217329156295981e-47
1.077381604479284781e-47
1.077731575786624762e-47
1.161121595289302336e-47
1.126635136415834056e-47
9.318986226999255473e-48
7.804516768548263618e-48
7.568951610924742647e-48
6.916904050219023870e-48
5.136852124058202204e-48
3.929227418700525915e-48
3.917853438804156896e-48
3.550241570770948012e-48
2.579621204870884525e-48
2.435986571357158140e-48
2.918937219331910199e-48
2.730090328987108050e-48
2.374737605733469222e-48
2.992028549017873277e-48
3.847766609946140135e-48
3.921056672596006615e-48
4.416095709314848391e-48
6.149876575797263189e-48
7.142692947433864729e-48
7.387486973784683689e-48
9.179476821526014517e-48
1.063934327437373159e-47
1.029393396818886854e-47
1.123568564326961380e-47
1.218881166777905195e-47
1.083712071243395004e-47
1.056301984045852278e-47
1.056399813436575610e-47
8.516387220188258019e-48
7.706121347678074684e-48
7.181312285529738040e-48
5.249974691276467494e-48
4.787710195089104549e-48
4.194314411614812604e-48
3.012494670334203462e-48
3.212232043813290186e-48
2.688275010406453905e-48
2.404923108567016060e-48
2.888826921662841276e-48
2.442311284329587462e-48
2.907550634219922229e-48
3.475461047906254393e-48
3.429434915675736281e-48
4.819502804676058748e-48
5.333677900192108937e-48
6.226363985382794821e-48
7.999992116392895650e-48
8.137088363888268498e-48
1.014003360207415089e-47
1.039570482142399488e-47
1.109194937093373655e-47
1.188094650588393126e-47
1.087631052065069386e-47
1.159672711701839497e-47
9.767233441455153383e-48
9.685217646548655272e-48
8.078410004879243793e-48
7.126576977804245859e-48
6.170170305831572374e-48
4.838783712358277860e-48
4.479012563414250151e-48
3.284995330049012834e-48
3.374644664655947679e-48
2.509423169400129237e-48
2.908753773869922326e-48
2.299601533992975197e-48
2.903388805885791888e-48
2.522661577043029033e-48
3.349739331017535728e-48
3.316804808390441458e-48
4.453282127631010792e-48
4.823333567271465244e-48
6.271577192074561670e-48
6.877362270083414716e-48
8.522701092302729438e-48
9.014635909007971516e-48
1.064158734526429017e-47
1.058597592430955667e-47
1.190135317102931211e-47
1.097685229939639767e-47
1.175591777236569767e-47
1.002595389425969425e-47
1.024480266910859456e-47
8.189620559974468909e-48
7.935689499686714380e-48
6.180600644806885046e-48
5.527770205057947348e-48
4.548054155982873723e-48
3.623653825508787999e-48
3.507391888848668520e-48
2.593130439103920595e-48
2.943713022515551496e-48
2.395846960909763363e-48
2.673756012210619125e-48
2.766885831195176419e-48
2.780683321888011469e-48
3.651421689074893453e-48
3.596518961129957162e-48
5.049495093603829300e-48
5.458101306115178314e-48
6.647619006460736656e-48
8.170324361666476047e-48
8.398732143750313837e-48
1.042375837769633951e-47
1.059138917788296942e-47
1.103991831035504786e-47
1.209696784700317353e-47
1.080032597437415060e-47
1.104130847968332245e-47
1.035918660075451537e-47
8.527672870471306722e-48
8.377486749873989342e-48
6.885751033889271182e-48
5.405410047675713992e-48
5.212211969633602797e-48
4.007813579715325007e-48
3.140881531340930753e-48
3.297170226294778958e-48
2.755283355315884025e-48
2.322831673941259970e-48
2.826040810576188891e-48
2.721303187753034265e-48
2.533557796682029139e-48
3.441561868156040928e-48
3.830034161820327238e-48
3.988314392235946460e-48
5.507637942378829532e-48
6.632249164962704807e-48
6.884044009924640682e-48
8.457677913346497497e-48
1.021622820262126188e-47
1.022950540454274844e-47
1.055276899448752656e-47
1.198458977614447612e-47
1.190000910197901881e-47
1.045394201910151055e-47
1.012736937052861396e-47
1.012131826690072632e-47
8.557744345554591381e-48
6.688961888073180842e-48
6.070158577755287485e-48
5.690792920911954016e-48
4.481507909510012121e-48
3.243567592411504632e-48
2.920095505272823550e-48
3.122303698514924980e-48
2.962949069994926703e-48
2.402802809859420049e-48
2.247001535386354770e-48
2.852168614641913269e-48
3.490323785653008624e-48
3.540567267385835870e-48
3.621420061939359306e-48
4.665280686693526219e-48
6.381420854672553219e-48
7.600030895990093667e-48
7.954931908415115867e-48
8.370588719115084363e-48
9.702688541618386910e-48
1.147145788822110349e-47
1.236864107446305769e-47
1.181224919651953427e-47
1.056246671427270795e-47
9.749105822793781728e-48
9.627213828013137948e-48
9.487009402855036431e-48
8.592676250354610516e-48
6.950944442329553905e-48
5.192666553141962601e-48
3.934488316222217293e-48
3.356959177880457507e-48
3.260138410389578668e-48
3.330450161150915175e-48
3.319287202337472405e-48
3.100140038317130767e-48
2.701757849970939676e-48
2.324782845794162515e-48
2.268162668776149093e-48
2.761444769837428202e-48
3.814277556410642625e-48
5.199472598814000115e-48
6.577345180574254093e-48
7.666283919702825402e-48
8.354418720339691061e-48
8.709953769372942686e-48
8.912048874352968476e-48
9.150522398225991006e-48
9.538551627259831152e-48
1.006775560766339225e-47
1.061726501606001224e-47
1.100761410755652853e-47
1.107316201123314267e-47
1.072201824179023344e-47
9.962798885045396323e-48
8.894772892501794028e-48
7.672171810856694004e-48
6.458910673684671458e-48
5.388757039863024019e-48
4.540736519530329076e-48
3.933357343744001467e-48
3.535369103614454519e-48
3.286316035205773321e-48
3.118809203913885994e-48
2.975896315866226509e-48
2.820325891081776131e-48
2.635884355755381247e-48
2.423190254194843989e-48
2.192984614939220792e-48
1.959510906530277848e-48
1.735594424946407234e-48
1.530007827426423068e-48
1.346903806584917655e-48
1.186633062755862997e-48
1.047165263204024928e-48
9.254795125011403349e-49
8.185697155529349357e-49
7.239757968495018879e-49
6.399118224093651545e-49
5.651567782621479413e-49
4.988483554110664150e-49
4.402896643061779436e-49
3.888237778098688688e-49
3.437753679336473571e-49
3.044515731953789965e-49
2.701655803423759119e-49
2.402699071614754143e-49
2.141785666918827547e-49
1.913768962102749115e-49
1.714227403808018853e-49
1.539371981581756480e-49
1.385962244747934130e-49
1.251203060569044138e-49
1.132661576166693621e-49
1.028223336595313635e-49
9.360368908986918685e-50
8.544970283711674326e-50
7.822056183459575709e-50
7.179589873876561970e-50
6.607198253713756199e-50
6.095913167070136597e-50
5.638065196928275860e-50
5.226995630274053259e-50
4.856992132853527076e-50
4.523115663860943037e-50
4.221056480647530538e-50
3.947119987483999048e-50
3.698057648285370911e-50
3.471084944863540330e-50
3.263739213459278873e-50
3.073900468968493433e-50
2.899716300367721827e-50
2.739538331302541508e-50
2.591953949763940273e-50
2.455687641281448612e-50
2.329639045484396724e-50
2.212836070390623181e-50
2.104395010454415213e-50
2.003561307598795983e-50
1.909634853323183045e-50
1.822019830761756459e-50
1.740156368230688325e-50
1.663563386657343655e-50
1.591809344734824663e-50
1.524486915717809154e-50
1.461254306537526154e-50
1.401778370089476038e-50
1.345775838584996375e-50
1.292990100872542747e-50
1.243170861868557546e-50
1.196113134074267201e-50
1.151608019504843763e-50
1.109486640483303919e-50
1.069573351324838231e-50
1.031723028543021437e-50
9.958026752338229204e-51
9.616750836999135174e-51
9.292338557185553502e-51
8.983616524988871999e-51
8.689645688194102152e-51
8.409559571835853056e-51
8.142419448185014898e-51
7.887537253957667520e-51
7.644098117704535244e-51
7.411520756663101971e-51
7.189093919623068680e-51
6.976282973213612187e-51
6.772590677810503190e-51
6.577431350172083673e-51
6.390419664332749939e-51
6.211037885252220797e-51
6.038919132135299282e-51
5.873720560244046270e-51
5.715008081077123755e-51
5.562523846724525071e-51
5.415879728484957280e-51
5.274819811356819040e-51
5.139103951233634925e-51
5.008401393678088742e-51
4.882539261286544417e-51
4.761218755433248016e-51
4.644292756783373821e-51
4.531490295154673914e-51
4.422653740134930525e-51
4.317634430776459979e-51
4.216196739292131219e-51
4.118243345821959325e-51
4.023558640327425836e-51
3.932030147469869392e-51
3.843551458673048428e-51
3.757932665849350354e-51
3.675111119903009933e-51
3.594911626604402557e-51
3.517282335660377043e-51
3.442061135582682517e-51
3.369177701805637024e-51
3.298565242390042478e-51
3.230078676475648742e-51
3.163687483918615527e-51
3.099256466072421724e-51
3.036735588935246271e-51
2.976077211578676909e-51
2.917159115048719683e-51
2.859966029466357301e-51
2.804383333787979866e-51
2.750400582036704525e-51
2.697910024735974207e-51
2.646881282832897762e-51
2.597285334685925084e-51
2.549023560000636095e-51
2.502095145910196652e-51
2.456406876402479916e-51
2.411938145315907206e-51
2.368669221992224951e-51
2.326514124296089224e-51
2.285479002055401949e-51
2.245482187081224652e-51
2.206532039684222290e-51
2.168550849345335685e-51
2.131527716463440402e-51
2.095452168156291165e-51
2.060251842918488667e-51
2.025939510890568368e-51
1.992446030882568820e-51
1.959765430450319419e-51
1.927891951295584763e-51
1.896760832475424583e-51
1.866388002772789895e-51
1.836711354829014142e-51
1.807747806919817051e-51
1.779437715789516991e-51
1.751780072921604352e-51
1.724773884398227189e-51
1.698362886287821563e-51
1.672565930240943121e-51
1.647328816075647867e-51
1.622653078598286823e-51
1.598540172842092375e-51
1.574938744241889251e-51
1.551868964844090534e-51
1.529281227093767433e-51
1.507196095504385083e-51
1.485565601523147208e-51
1.464393848647618914e-51
1.443684773334438422e-51
1.423392682764852905e-51
1.403538852548554086e-51
1.384078996514591682e-51
1.365018528309374192e-51
1.346362654638345847e-51
1.328069051364201645e-51
1.310159397054998701e-51
1.292592585704545901e-51
1.275390388580830179e-51
1.258512852411369716e-51
1.241966695599778888e-51
1.225758394972607088e-51
1.209849614542731636e-51
1.194262220707451690e-51
1.178958887278680902e-51
1.163946980430681104e-51
1.149233610734236831e-51
1.134782874155389016e-51
1.120616576641845126e-51
1.106699705402018219e-51
1.093054007804718725e-51
1.079645320545431124e-51
1.066481625948327972e-51
1.053570641280125138e-51
1.040879405434664102e-51
1.028429451196046522e-51
1.016188574403092737e-51
1.004165039929082764e-51
9.923668459658479955e-52
9.807628629670709461e-52
9.693743326230664479e-52
9.581708040627144816e-52
9.471733859740802727e-52
9.363522782266422384e-52
9.257159788743333694e-52
9.152727218343985571e-52
9.049936345288067607e-52
8.948994611113528183e-52
8.849619170672347354e-52
8.751895786566998561e-52
8.655907622013759670e-52
8.561380235765202875e-52
8.468517078622588223e-52
8.377049050715337717e-52
8.287177936056222734e-52
8.198639781416876146e-52
8.111520533345135279e-52
8.025903619259800649e-52
7.941532465184101441e-52
7.858604561522540842e-52
7.776868039289376618e-52
7.696408482398903798e-52
7.617309022954715556e-52
7.539324552376554510e-52
7.462648147500298177e-52
7.387039019003631249e-52
7.312688458959108300e-52
7.239359856601712777e-52
7.167137783549872177e-52
7.096104461919293465e-52
7.026029301186986669e-52
6.957099108958489692e-52
6.889087151088006614e-52
6.822077006298954772e-52
6.756149979907868449e-52
6.691084903570212851e-52
6.627064101269608065e-52
6.563869975932794006e-52
6.501683066038598992e-52
6.440289240860884235e-52
6.379770420572869181e-52
6.320206359715400894e-52
6.261387941617410834e-52
6.203491273501949445e-52
6.146310462814776497e-52
6.089926106338788730e-52
6.034416711763592923e-52
5.979581056964400898e-52
5.925590881942421990e-52
5.872247971901957389e-52
5.819722341934024503e-52
5.767818704166262844e-52
5.716615672948462743e-52
5.666189878653015005e-52
5.616350281127088928e-52
5.567262643551191291e-52
5.518738665750752924e-52
5.470855484705778830e-52
5.423688326405988461e-52
5.377052871872181655e-52
5.331110727461201419e-52
5.285680145200803050e-52
5.240921097335441874e-52
5.196654343814344796e-52
5.152954905651502338e-52
5.109895991486729239e-52
5.067302010897091611e-52
5.025328923718973820e-52
4.983803499883158759e-52
4.942799233284350389e-52
4.902387873128006782e-52
4.862399627645452164e-52
4.822986552374764247e-52
4.783981081367371463e-52
4.745533739531503123e-52
4.707479136233873853e-52
4.669888627960877002e-52
4.632831917144081906e-52
4.596146786003796563e-52
4.559980009728827315e-52
4.524171427064824161e-52
4.488790878715078041e-52
4.453906613109425126e-52
4.419361471122057405e-52
4.385298589210404224e-52
4.351562755677587167e-52
4.318295682754453307e-52
4.285344065024458331e-52
4.252775649422777946e-52
4.220656672937104559e-52
4.188836615990272074e-52
4.157453706334474850e-52
4.126359233406669190e-52
4.095619474655449500e-52
4.065299253495598325e-52
4.035252504970189836e-52
4.005614080785059556e-52
3.976239635132144680e-52
3.947262699462035444e-52
3.918540613077272593e-52
3.890137639796446355e-52
3.862116663719657927e-52
3.834337490838196404e-52
3.806930424799203657e-52
3.779756875911948858e-52
3.752879703824614653e-52
3.726360438811111459e-52
3.700062841078914932e-52
3.674114089411304999e-52
3.648379473277298114e-52
3.622984949978124313e-52
3.597797309697071462e-52
3.572877497610234515e-52
3.548285196352550598e-52
3.523889396041474077e-52
3.499813068578980542e-52
3.475926636849079013e-52
3.452289716410467845e-52
3.428960705549054566e-52
3.405812128592356208e-52
3.382964068171577106e-52
3.360290417943684968e-52
3.337910131308267098e-52
3.315698447057235563e-52
3.293713173728434725e-52
3.272010962632920439e-52
3.250469026871138729e-52
3.229203560049717788e-52
3.208093062611878034e-52
3.187194091362744302e-52
3.166562086514663198e-52
3.146077438892838057e-52
3.125853671167212775e-52
3.105772407336439820e-52
3.085946126103374895e-52
3.066257663934156535e-52
3.046761879859715318e-52
3.027512570288357096e-52
3.008394353177352155e-52
2.989517155558921260e-52
2.970766758249993400e-52
2.952196846136552176e-52
2.933860077971009360e-52
2.915643943887862662e-52
2.897655900845480249e-52
2.879784555150669499e-52
2.862136398123962519e-52
2.844601134345424626e-52
2.827230858136022385e-52
2.810076686152756425e-52
2.793029938263373366e-52
2.776194745029453681e-52
2.759463481635239282e-52
2.742887143435394395e-52
2.726515780954557636e-52
2.710243322066915627e-52
2.694171611241030521e-52
2.678195591135159836e-52
2.662416212260048688e-52
2.646729416473013575e-52
2.631184711450708259e-52
2.615830703652567125e-52
2.600564805783448379e-52
2.585485782170462665e-52
2.570492007249771301e-52
2.555631961340447860e-52
2.540953253112266675e-52
2.526355673169087813e-52
2.511935867842929976e-52
2.497594554015534947e-52
2.483379213265034322e-52
2.469336483859046117e-52
2.455368447064132458e-52
2.441569696839810237e-52
2.427843207135155280e-52
2.414282768962410980e-52
2.400792236006972853e-52
2.387417738378635046e-52
2.374204600533854250e-52
2.361057972540488138e-52
2.348069680790640685e-52
2.335145723880477962e-52
2.322331298802195976e-52
2.309670822473134890e-52
2.297071544243790756e-52
2.284623385733886356e-52
2.272234415184619663e-52
2.259993808744001734e-52
2.247810442095426876e-52
2.235728249537029040e-52
2.223790419320477459e-52
2.211907017788722497e-52
2.200165396362825362e-52
2.188476401209843994e-52
2.176883094723658593e-52
2.165427816370658787e-52
2.154022562544292903e-52
2.142752914550069653e-52
2.131531622313257765e-52
2.120443574088821725e-52
2.109402263176497480e-52
2.098449571888261406e-52
2.087626690418779319e-52
2.076848208911342726e-52
2.066197318528425725e-52
2.055589328218621971e-52
2.045065305238131530e-52
2.034665645680939892e-52
2.024306719344427361e-52
2.014070070125452927e-52
2.003872763196623390e-52
1.993795697244834428e-52
1.983756623744106879e-52
1.973795506492193086e-52
1.963951666072830393e-52
1.954143867172890805e-52
1.944451427883142861e-52
1.934793777244249808e-52
1.925210116666900183e-52
1.915739023365829252e-52
1.906300907390721035e-52
1.896973551774998038e-52
1.887678009943582155e-52
1.878491463413421464e-52
1.869335600862705285e-52
1.860248591163193436e-52
1.851268004391795386e-52
1.842316467543471711e-52
1.833469688000193495e-52
1.824650908308118240e-52
1.815897583665257165e-52
1.807246587775524576e-52
1.798622072597705630e-52
1.790098312997292175e-52
1.781600057634055784e-52
1.773201019824201619e-52
1.764826537613791819e-52
1.756513099220461793e-52
1.748296634501556559e-52
1.740103352505689554e-52
1.732005589781174734e-52
1.723930127022996737e-52
1.715912783786500851e-52
1.707988837039617016e-52
1.700085912419367822e-52
1.692275007821387544e-52
1.684484303525149464e-52
1.676784272449299781e-52
1.669103642921214002e-52
1.661477328090794861e-52
1.653939719620508619e-52
1.646420356110486128e-52
1.638988422880740379e-52
1.631573990539715411e-52
1.624211345152527083e-52
1.616934265711318751e-52
1.609673609528358534e-52
1.602497309259329186e-52
1.595336738839797342e-52
1.588259339495784431e-52
1.581196995802408232e-52
1.574183143375021365e-52
1.567250730039154853e-52
1.560332395669561020e-52
1.553494375667546899e-52
1.546669806014160576e-52
1.539891533653757990e-52
1.533191930933243982e-52
1.526504867744975855e-52
1.519895405742600806e-52
1.513297896955891338e-52
1.506776942398237513e-52
1.500267370800363388e-52
1.493801230354777174e-52
1.487410112324094860e-52
1.481029550814385816e-52
1.474723016121175513e-52
1.468426505843858223e-52
1.462171515005409999e-52
1.455989093793052647e-52
1.449815925725969279e-52
1.443714379858558797e-52
1.437621590486687775e-52
1.431599494312984026e-52
1.425585671455656744e-52
1.419610865978325309e-52
1.413705393308407865e-52
1.407807493490110663e-52
1.401978041572446309e-52
1.396155711371585978e-52
1.390370726609105789e-52
1.384652893480329531e-52
1.378941527973611571e-52
1.373296470627595137e-52
1.367657459596574333e-52
1.362083929114531433e-52
1.356516034990112345e-52
1.350983294177764708e-52
1.345514821017151566e-52
1.340051389737694318e-52
1.334651436525261038e-52
1.329256142237957534e-52
1.323894533872821915e-52
1.318595246023664809e-52
1.313300061746983231e-52
1.308066444190713693e-52
1.302836572425003825e-52
1.297667527316690616e-52
1.292501879803189478e-52
1.287367991043955768e-52
1.282293843504005605e-52
1.277222588568944755e-52
1.272210367716475924e-52
1.267200714113185087e-52
1.262221527085071151e-52
1.257300336678126914e-52
1.252381241626196446e-52
1.247519467117173727e-52
1.242659483918411790e-52
1.237856157109766199e-52
1.233054325693136875e-52
1.228281261068869197e-52
1.223563878004828384e-52
1.218847561124670828e-52
1.214186290287648559e-52
1.209525809081335609e-52
1.204892953148116855e-52
1.200314210195166627e-52
1.195735855747038544e-52
1.191211005809005157e-52
1.186686285929459024e-52
1.182214472489312972e-52
1.177742537560459044e-52
1.173296724008258210e-52
1.168902938461127917e-52
1.164508666567200211e-52
1.160165849611345889e-52
1.155822311234711693e-52
1.151503882749011548e-52
1.147236067247958276e-52
1.142967189375456403e-52
1.138748375076919590e-52
1.134528278739693061e-52
1.130357705670743497e-52
1.126185636782395888e-52
1.122037343252660950e-52
1.117937778862724190e-52
1.113836408602904374e-52
1.109783249083513941e-52
1.105728083960162470e-52
1.101695795326607304e-52
1.097710955302232203e-52
1.093723820020086973e-52
1.089783635713603254e-52
1.085840969561872173e-52
1.081944764754300249e-52
1.078045896543650733e-52
1.074168717222581160e-52
1.070337279127686474e-52
1.066502914371066557e-52
1.062713820482756707e-52
1.058921630370396209e-52
1.055150328147449312e-52
1.051423604838167863e-52
1.047693539493305544e-52
1.044007600987605318e-52
1.040318162145046490e-52
1.036672405119102860e-52
1.033022993755846499e-52
1.029393410562237867e-52
1.025806854281234126e-52
1.022216420439438235e-52
1.018668585495341550e-52
1.015116729276037296e-52
1.011583985535727032e-52
1.008093210662978870e-52
1.004598206236162490e-52
1.001144758820817506e-52
9.976869477840851191e-53
9.942702881461884655e-53
9.908491345045072040e-53
9.874461452986902274e-53
9.840837102336647153e-53
9.807165922701485756e-53
9.773896378933072696e-53
9.740578790696747976e-53
9.707436435978170022e-53
9.674689964935601135e-53
9.641893688782448106e-53
9.609489534074376827e-53
9.577034441647080633e-53
9.544967763754183691e-53
9.512849047182116830e-53
9.480897061575451952e-53
9.449328029190422329e-53
9.417705364126589531e-53
9.386462079154204110e-53
9.355164136440917240e-53
9.324027168232560972e-53
9.293264314732233390e-53
9.262445319826177649e-53
9.231996994003009089e-53
9.201491573046303949e-53
9.171353424759378038e-53
9.141157254921517236e-53
9.111114415972045647e-53
9.081433843236655638e-53
9.051693908700630097e-53
9.022312963172770605e-53
8.992871794804593767e-53
8.963578776363527750e-53
8.934639915111021153e-53
8.905639585890797129e-53
8.876990250345700805e-53
8.848278647265914012e-53
8.819914918381793838e-53
8.791488145880251716e-53
