1.577880000000000000e+07 7.886368737785315943e+02 7.886368731381101043e+02 1.252636559762045998e+01
2.201064958777425066e+07 1.063915976595081702e+03 1.063915975054079354e+03 1.693277217076599683e+01
3.070377311809432507e+07 1.154046283034670751e+03 1.154046272502798956e+03 1.833018018627623391e+01
4.283025268872771412e+07 1.269078258039269485e+03 1.269078159856847378e+03 2.009285300809125374e+01
5.974609499375183880e+07 1.631641215475822264e+03 1.631641210304064089e+03 2.591986660362374550e+01
8.334286264768837392e+07 1.920460374373244349e+03 1.920460383998154612e+03 3.057006503625712313e+01
1.162591924214938581e+08 2.260224685805465469e+03 2.260224740289381316e+03 3.594218053018362014e+01
1.621758527737928033e+08 2.591722021336564467e+03 2.591721967098010737e+03 4.117775772925356392e+01
2.262273345883349180e+08 3.066904068716296024e+03 3.066904135024177322e+03 4.869728684505457750e+01
3.155760000000000000e+08 3.651662546568734797e+03 3.651662543408718648e+03 5.799526472263050181e+01
