1.542838790745683456e+18 1.739857941678914699e+02
2.251360973136914688e+18 1.192310053713419080e+02
3.285259783307775488e+18 8.170800788564895356e+01
4.793958842051529728e+18 5.599381244709312000e+01
6.995501998366935040e+18 3.837209000062915010e+01
1.020806598919684915e+19 2.629607141695571570e+01
1.489594474622743142e+19 1.802047717375566194e+01
2.173665120479091507e+19 1.234928185357976105e+01
3.171883446455450829e+19 8.462859269967415443e+00
4.628516372237052314e+19 5.799526472263044852e+00
